2,1,238,50,14,46,-1,-1,-1,-1
2,2,223,47,15,46,-1,-1,-1,-1
2,3,211,222,33,76,-1,-1,-1,-1
2,4,156,161,36,80,-1,-1,-1,-1
2,5,119,53,17,47,-1,-1,-1,-1
2,6,408,228,31,81,-1,-1,-1,-1
2,7,413,20,14,44,-1,-1,-1,-1
2,8,376,0,19,37,-1,-1,-1,-1
3,1,240,50,14,47,-1,-1,-1,-1
3,2,224,47,14,44,-1,-1,-1,-1
3,3,212,219,33,76,-1,-1,-1,-1
3,4,155,163,35,77,-1,-1,-1,-1
3,5,120,55,17,44,-1,-1,-1,-1
3,6,407,229,32,80,-1,-1,-1,-1
3,7,413,20,15,44,-1,-1,-1,-1
3,8,377,0,19,37,-1,-1,-1,-1
4,1,241,49,14,47,-1,-1,-1,-1
4,2,225,48,14,43,-1,-1,-1,-1
4,3,213,218,34,75,-1,-1,-1,-1
4,4,154,163,35,78,-1,-1,-1,-1
4,5,121,54,17,44,-1,-1,-1,-1
4,6,406,229,31,81,-1,-1,-1,-1
4,7,413,19,15,44,-1,-1,-1,-1
4,8,376,0,19,36,-1,-1,-1,-1
5,1,242,48,14,47,-1,-1,-1,-1
5,2,225,47,15,43,-1,-1,-1,-1
5,3,214,217,33,74,-1,-1,-1,-1
5,4,158,165,25,54,-1,-1,-1,-1
5,5,123,53,16,43,-1,-1,-1,-1
5,6,405,230,31,80,-1,-1,-1,-1
5,7,413,19,15,44,-1,-1,-1,-1
5,8,377,0,18,35,-1,-1,-1,-1
6,1,243,48,14,46,-1,-1,-1,-1
6,2,226,47,15,44,-1,-1,-1,-1
6,3,215,217,33,74,-1,-1,-1,-1
6,4,157,164,26,54,-1,-1,-1,-1
6,5,123,52,17,44,-1,-1,-1,-1
6,6,406,231,30,78,-1,-1,-1,-1
6,7,414,19,14,44,-1,-1,-1,-1
6,8,378,0,17,33,-1,-1,-1,-1
7,1,243,48,14,45,-1,-1,-1,-1
7,2,227,47,14,43,-1,-1,-1,-1
7,3,216,215,33,74,-1,-1,-1,-1
7,4,157,166,23,47,-1,-1,-1,-1
7,5,124,51,18,45,-1,-1,-1,-1
7,6,406,234,29,76,-1,-1,-1,-1
7,7,414,19,15,45,-1,-1,-1,-1
7,8,379,0,16,32,-1,-1,-1,-1
8,1,244,47,13,46,-1,-1,-1,-1
8,2,228,47,14,44,-1,-1,-1,-1
8,3,217,214,33,74,-1,-1,-1,-1
8,4,152,168,30,60,-1,-1,-1,-1
8,5,125,50,18,47,-1,-1,-1,-1
8,6,405,235,30,75,-1,-1,-1,-1
8,7,414,18,15,45,-1,-1,-1,-1
8,8,378,0,18,34,-1,-1,-1,-1
9,1,244,46,14,46,-1,-1,-1,-1
9,2,230,48,14,43,-1,-1,-1,-1
9,3,218,214,31,71,-1,-1,-1,-1
9,4,151,169,30,59,-1,-1,-1,-1
9,5,126,50,17,46,-1,-1,-1,-1
9,6,406,236,29,74,-1,-1,-1,-1
9,7,414,18,15,45,-1,-1,-1,-1
9,8,378,0,18,34,-1,-1,-1,-1
10,1,244,47,14,46,-1,-1,-1,-1
10,2,229,47,15,43,-1,-1,-1,-1
10,3,219,213,31,71,-1,-1,-1,-1
10,4,150,169,30,60,-1,-1,-1,-1
10,5,127,51,16,44,-1,-1,-1,-1
10,6,405,237,29,74,-1,-1,-1,-1
10,7,415,17,14,44,-1,-1,-1,-1
10,8,379,0,18,33,-1,-1,-1,-1
11,1,245,46,13,47,-1,-1,-1,-1
11,2,230,45,15,44,-1,-1,-1,-1
11,3,221,212,32,70,-1,-1,-1,-1
11,4,148,171,33,61,-1,-1,-1,-1
11,5,127,50,17,45,-1,-1,-1,-1
11,6,405,239,28,69,-1,-1,-1,-1
11,7,415,16,14,44,-1,-1,-1,-1
11,8,379,0,17,33,-1,-1,-1,-1
12,1,245,46,14,46,-1,-1,-1,-1
12,2,231,46,15,43,-1,-1,-1,-1
12,3,222,212,31,69,-1,-1,-1,-1
12,4,148,172,29,54,-1,-1,-1,-1
12,5,127,48,17,47,-1,-1,-1,-1
12,6,403,242,30,74,-1,-1,-1,-1
12,7,415,16,14,44,-1,-1,-1,-1
12,8,379,0,18,33,-1,-1,-1,-1
13,1,245,45,14,47,-1,-1,-1,-1
13,2,231,46,15,43,-1,-1,-1,-1
13,3,222,209,32,71,-1,-1,-1,-1
13,4,146,173,32,57,-1,-1,-1,-1
13,5,128,49,18,46,-1,-1,-1,-1
13,6,403,243,30,76,-1,-1,-1,-1
13,7,414,16,15,44,-1,-1,-1,-1
13,8,380,0,18,33,-1,-1,-1,-1
14,1,246,46,13,45,-1,-1,-1,-1
14,2,231,46,16,44,-1,-1,-1,-1
14,3,224,208,31,70,-1,-1,-1,-1
14,4,144,174,35,62,-1,-1,-1,-1
14,5,129,51,17,45,-1,-1,-1,-1
14,6,401,245,31,74,-1,-1,-1,-1
14,7,415,16,14,44,-1,-1,-1,-1
14,8,380,0,18,33,-1,-1,-1,-1
15,1,247,45,13,45,-1,-1,-1,-1
15,2,232,45,15,44,-1,-1,-1,-1
15,3,224,207,31,70,-1,-1,-1,-1
15,4,141,177,39,71,-1,-1,-1,-1
15,5,131,52,16,43,-1,-1,-1,-1
15,6,401,247,30,72,-1,-1,-1,-1
15,7,414,17,14,43,-1,-1,-1,-1
16,1,248,44,14,46,-1,-1,-1,-1
16,2,233,44,15,45,-1,-1,-1,-1
16,3,225,205,31,70,-1,-1,-1,-1
16,4,137,178,41,75,-1,-1,-1,-1
16,5,131,52,16,43,-1,-1,-1,-1
16,6,401,248,30,71,-1,-1,-1,-1
16,7,414,16,14,43,-1,-1,-1,-1
16,8,382,0,19,34,-1,-1,-1,-1
17,1,249,44,14,46,-1,-1,-1,-1
17,2,234,44,16,45,-1,-1,-1,-1
17,3,224,204,32,71,-1,-1,-1,-1
17,4,140,178,33,59,-1,-1,-1,-1
17,5,131,52,16,43,-1,-1,-1,-1
17,6,402,249,29,70,-1,-1,-1,-1
17,7,415,14,14,44,-1,-1,-1,-1
17,8,381,0,19,34,-1,-1,-1,-1
18,1,250,44,14,47,-1,-1,-1,-1
18,2,234,45,16,45,-1,-1,-1,-1
18,3,225,202,32,71,-1,-1,-1,-1
18,4,135,180,42,74,-1,-1,-1,-1
18,5,132,52,16,43,-1,-1,-1,-1
18,6,402,250,30,69,-1,-1,-1,-1
18,7,414,15,15,43,-1,-1,-1,-1
18,8,382,0,19,34,-1,-1,-1,-1
19,1,250,43,14,47,-1,-1,-1,-1
19,2,234,44,16,45,-1,-1,-1,-1
19,3,226,202,33,72,-1,-1,-1,-1
19,4,138,180,33,58,-1,-1,-1,-1
19,5,133,53,14,39,-1,-1,-1,-1
19,6,401,251,29,68,-1,-1,-1,-1
19,7,413,14,15,43,-1,-1,-1,-1
19,8,383,0,18,34,-1,-1,-1,-1
20,1,250,43,15,47,-1,-1,-1,-1
20,2,236,44,15,44,-1,-1,-1,-1
20,3,227,201,33,73,-1,-1,-1,-1
20,4,138,182,32,54,-1,-1,-1,-1
20,5,132,49,16,42,-1,-1,-1,-1
20,6,400,253,29,66,-1,-1,-1,-1
20,7,414,14,14,42,-1,-1,-1,-1
20,8,384,0,17,31,-1,-1,-1,-1
20,14,440,123,26,76,-1,-1,-1,-1
21,1,251,43,14,46,-1,-1,-1,-1
21,2,236,42,16,44,-1,-1,-1,-1
21,3,228,201,33,73,-1,-1,-1,-1
21,4,136,183,33,54,-1,-1,-1,-1
21,5,133,50,15,41,-1,-1,-1,-1
21,6,401,255,28,64,-1,-1,-1,-1
21,7,414,13,14,42,-1,-1,-1,-1
21,8,384,0,17,32,-1,-1,-1,-1
21,14,439,125,27,74,-1,-1,-1,-1
22,1,252,42,14,46,-1,-1,-1,-1
22,2,237,41,16,45,-1,-1,-1,-1
22,3,230,200,31,72,-1,-1,-1,-1
22,4,134,183,34,57,-1,-1,-1,-1
22,5,134,48,16,43,-1,-1,-1,-1
22,6,400,257,28,62,-1,-1,-1,-1
22,7,414,14,14,41,-1,-1,-1,-1
22,8,385,0,16,30,-1,-1,-1,-1
22,14,439,126,27,74,-1,-1,-1,-1
23,1,254,42,14,45,-1,-1,-1,-1
23,2,239,39,15,46,-1,-1,-1,-1
23,3,231,199,29,68,-1,-1,-1,-1
23,4,133,183,32,53,-1,-1,-1,-1
23,5,134,45,17,45,-1,-1,-1,-1
23,6,400,258,28,61,-1,-1,-1,-1
23,7,414,13,14,43,-1,-1,-1,-1
23,8,385,0,17,32,-1,-1,-1,-1
23,14,439,126,26,74,-1,-1,-1,-1
24,1,255,42,14,46,-1,-1,-1,-1
24,2,239,38,16,47,-1,-1,-1,-1
24,3,232,198,29,66,-1,-1,-1,-1
24,4,126,184,45,74,-1,-1,-1,-1
24,5,135,42,18,48,-1,-1,-1,-1
24,6,400,260,27,59,-1,-1,-1,-1
24,7,414,12,14,43,-1,-1,-1,-1
24,8,385,0,17,31,-1,-1,-1,-1
24,14,439,126,26,74,-1,-1,-1,-1
25,1,256,42,13,45,-1,-1,-1,-1
25,2,239,38,16,45,-1,-1,-1,-1
25,3,233,197,31,69,-1,-1,-1,-1
25,4,124,185,48,81,-1,-1,-1,-1
25,5,135,36,20,54,-1,-1,-1,-1
25,6,400,262,26,57,-1,-1,-1,-1
25,7,413,13,15,42,-1,-1,-1,-1
25,8,385,0,17,32,-1,-1,-1,-1
25,14,437,127,27,75,-1,-1,-1,-1
26,1,257,42,13,43,-1,-1,-1,-1
26,2,241,38,15,44,-1,-1,-1,-1
26,3,234,195,31,70,-1,-1,-1,-1
26,4,122,187,48,83,-1,-1,-1,-1
26,5,136,39,19,50,-1,-1,-1,-1
26,6,400,263,26,56,-1,-1,-1,-1
26,7,414,13,14,42,-1,-1,-1,-1
26,8,386,0,18,33,-1,-1,-1,-1
26,14,437,127,27,75,-1,-1,-1,-1
27,1,255,41,14,46,-1,-1,-1,-1
27,2,241,39,15,43,-1,-1,-1,-1
27,3,236,194,30,69,-1,-1,-1,-1
27,4,122,188,48,83,-1,-1,-1,-1
27,5,137,44,18,46,-1,-1,-1,-1
27,6,400,264,26,55,-1,-1,-1,-1
27,7,415,12,14,43,-1,-1,-1,-1
27,8,386,0,17,32,-1,-1,-1,-1
27,14,437,127,27,77,-1,-1,-1,-1
28,1,256,39,14,47,-1,-1,-1,-1
28,2,242,38,15,44,-1,-1,-1,-1
28,3,239,194,28,66,-1,-1,-1,-1
28,4,126,189,37,62,-1,-1,-1,-1
28,5,137,46,17,43,-1,-1,-1,-1
28,6,399,266,26,53,-1,-1,-1,-1
28,7,415,11,15,44,-1,-1,-1,-1
28,8,386,0,17,32,-1,-1,-1,-1
28,14,436,128,27,76,-1,-1,-1,-1
29,1,256,39,15,48,-1,-1,-1,-1
29,2,242,38,15,42,-1,-1,-1,-1
29,3,240,193,29,67,-1,-1,-1,-1
29,4,121,192,44,76,-1,-1,-1,-1
29,5,138,48,16,40,-1,-1,-1,-1
29,6,399,266,27,53,-1,-1,-1,-1
29,7,415,11,15,45,-1,-1,-1,-1
29,8,387,0,16,31,-1,-1,-1,-1
29,14,436,129,27,76,-1,-1,-1,-1
30,1,258,39,14,46,-1,-1,-1,-1
30,2,243,39,15,43,-1,-1,-1,-1
30,3,240,192,29,67,-1,-1,-1,-1
30,4,121,194,42,74,-1,-1,-1,-1
30,5,138,49,16,40,-1,-1,-1,-1
30,6,399,269,26,50,-1,-1,-1,-1
30,7,415,11,15,45,-1,-1,-1,-1
30,8,388,0,15,30,-1,-1,-1,-1
30,14,435,131,27,74,-1,-1,-1,-1
31,1,258,39,14,45,-1,-1,-1,-1
31,2,244,39,15,43,-1,-1,-1,-1
31,3,240,191,29,68,-1,-1,-1,-1
31,4,117,194,44,78,-1,-1,-1,-1
31,5,138,45,18,43,-1,-1,-1,-1
31,6,398,269,27,50,-1,-1,-1,-1
31,7,415,11,14,43,-1,-1,-1,-1
31,8,387,0,16,30,-1,-1,-1,-1
31,14,435,133,27,72,-1,-1,-1,-1
32,1,259,39,13,45,-1,-1,-1,-1
32,2,243,38,15,43,-1,-1,-1,-1
32,3,240,191,29,68,-1,-1,-1,-1
32,4,116,194,44,81,-1,-1,-1,-1
32,5,139,43,18,45,-1,-1,-1,-1
32,6,399,271,26,48,-1,-1,-1,-1
32,7,415,10,15,44,-1,-1,-1,-1
32,8,387,0,16,31,-1,-1,-1,-1
32,14,434,133,27,70,-1,-1,-1,-1
33,1,260,38,14,45,-1,-1,-1,-1
33,2,244,37,15,44,-1,-1,-1,-1
33,3,241,191,29,68,-1,-1,-1,-1
33,4,114,195,45,83,-1,-1,-1,-1
33,5,140,43,18,45,-1,-1,-1,-1
33,6,397,272,27,47,-1,-1,-1,-1
33,7,415,11,14,42,-1,-1,-1,-1
33,8,388,0,15,31,-1,-1,-1,-1
33,14,433,133,27,72,-1,-1,-1,-1
34,1,260,37,14,46,-1,-1,-1,-1
34,2,245,38,15,41,-1,-1,-1,-1
34,3,241,190,29,69,-1,-1,-1,-1
34,4,114,197,44,83,-1,-1,-1,-1
34,6,396,272,26,47,-1,-1,-1,-1
34,7,415,9,16,45,-1,-1,-1,-1
34,8,388,0,16,30,-1,-1,-1,-1
34,14,432,135,27,71,-1,-1,-1,-1
35,1,261,37,14,45,-1,-1,-1,-1
35,2,245,37,15,42,-1,-1,-1,-1
35,3,242,189,29,68,-1,-1,-1,-1
35,4,112,197,43,81,-1,-1,-1,-1
35,5,141,38,19,49,-1,-1,-1,-1
35,6,395,276,26,43,-1,-1,-1,-1
35,7,415,9,15,45,-1,-1,-1,-1
35,8,388,0,16,30,-1,-1,-1,-1
35,14,431,134,27,73,-1,-1,-1,-1
36,1,262,37,14,45,-1,-1,-1,-1
36,2,247,36,16,44,-1,-1,-1,-1
36,3,244,187,28,66,-1,-1,-1,-1
36,4,115,198,35,63,-1,-1,-1,-1
36,5,142,37,19,49,-1,-1,-1,-1
36,6,396,279,24,40,-1,-1,-1,-1
36,7,415,10,15,43,-1,-1,-1,-1
36,8,388,0,15,29,-1,-1,-1,-1
36,14,430,135,28,73,-1,-1,-1,-1
37,1,263,37,14,46,-1,-1,-1,-1
37,2,247,35,16,45,-1,-1,-1,-1
37,3,244,185,28,65,-1,-1,-1,-1
37,4,112,199,39,71,-1,-1,-1,-1
37,5,145,44,16,41,-1,-1,-1,-1
37,6,397,281,23,38,-1,-1,-1,-1
37,7,416,9,15,43,-1,-1,-1,-1
37,8,391,0,14,26,-1,-1,-1,-1
37,14,430,135,27,73,-1,-1,-1,-1
38,1,263,37,14,45,-1,-1,-1,-1
38,2,247,34,16,46,-1,-1,-1,-1
38,3,245,184,28,65,-1,-1,-1,-1
38,4,114,200,33,58,-1,-1,-1,-1
38,5,145,44,16,40,-1,-1,-1,-1
38,6,396,284,23,35,-1,-1,-1,-1
38,7,416,10,14,41,-1,-1,-1,-1
38,8,390,0,15,27,-1,-1,-1,-1
38,14,429,136,28,74,-1,-1,-1,-1
39,1,263,37,14,45,-1,-1,-1,-1
39,2,247,34,16,46,-1,-1,-1,-1
39,3,246,183,29,66,-1,-1,-1,-1
39,4,114,203,30,50,-1,-1,-1,-1
39,5,146,42,16,42,-1,-1,-1,-1
39,6,396,285,23,34,-1,-1,-1,-1
39,7,416,10,14,41,-1,-1,-1,-1
39,8,391,0,15,26,-1,-1,-1,-1
39,14,428,136,28,75,-1,-1,-1,-1
40,1,263,37,15,46,-1,-1,-1,-1
40,2,247,33,17,47,-1,-1,-1,-1
40,3,248,182,28,66,-1,-1,-1,-1
40,4,113,205,29,47,-1,-1,-1,-1
40,5,146,43,16,42,-1,-1,-1,-1
40,6,397,285,23,34,-1,-1,-1,-1
40,7,415,10,15,42,-1,-1,-1,-1
40,8,391,0,14,22,-1,-1,-1,-1
40,14,427,136,29,77,-1,-1,-1,-1
41,1,265,37,14,44,-1,-1,-1,-1
41,2,249,34,16,46,-1,-1,-1,-1
41,3,248,182,29,67,-1,-1,-1,-1
41,4,110,207,31,50,-1,-1,-1,-1
41,5,147,45,15,39,-1,-1,-1,-1
41,6,397,286,23,33,-1,-1,-1,-1
41,7,416,10,14,40,-1,-1,-1,-1
41,8,392,0,13,21,-1,-1,-1,-1
41,14,427,137,29,76,-1,-1,-1,-1
42,1,266,36,14,45,-1,-1,-1,-1
42,2,250,35,15,45,-1,-1,-1,-1
42,3,248,182,29,67,-1,-1,-1,-1
42,4,103,210,42,68,-1,-1,-1,-1
42,5,148,47,14,37,-1,-1,-1,-1
42,6,398,288,22,31,-1,-1,-1,-1
42,7,416,10,14,39,-1,-1,-1,-1
42,8,392,0,16,24,-1,-1,-1,-1
42,14,427,139,28,73,-1,-1,-1,-1
43,1,267,35,14,45,-1,-1,-1,-1
43,2,250,35,15,44,-1,-1,-1,-1
43,3,250,181,28,68,-1,-1,-1,-1
43,4,100,210,47,80,-1,-1,-1,-1
43,5,151,48,13,36,-1,-1,-1,-1
43,7,415,9,15,41,-1,-1,-1,-1
43,8,393,0,17,27,-1,-1,-1,-1
43,14,428,141,28,74,-1,-1,-1,-1
44,1,268,34,14,45,-1,-1,-1,-1
44,2,251,35,14,43,-1,-1,-1,-1
44,3,252,179,27,67,-1,-1,-1,-1
44,4,97,212,51,86,-1,-1,-1,-1
44,5,152,47,13,34,-1,-1,-1,-1
44,7,415,8,14,41,-1,-1,-1,-1
44,8,393,0,17,26,-1,-1,-1,-1
44,14,427,142,28,72,-1,-1,-1,-1
44,15,247,18,10,27,-1,-1,-1,-1
45,1,269,34,13,45,-1,-1,-1,-1
45,2,252,34,15,43,-1,-1,-1,-1
45,3,252,177,28,70,-1,-1,-1,-1
45,4,100,211,43,72,-1,-1,-1,-1
45,5,152,46,13,35,-1,-1,-1,-1
45,7,416,8,14,40,-1,-1,-1,-1
45,8,394,0,16,26,-1,-1,-1,-1
45,14,426,143,29,75,-1,-1,-1,-1
45,15,246,13,11,31,-1,-1,-1,-1
46,1,269,34,14,46,-1,-1,-1,-1
46,2,253,34,14,42,-1,-1,-1,-1
46,3,253,177,28,68,-1,-1,-1,-1
46,4,102,212,34,56,-1,-1,-1,-1
46,5,152,44,15,38,-1,-1,-1,-1
46,7,417,8,14,37,-1,-1,-1,-1
46,8,394,0,17,28,-1,-1,-1,-1
46,14,426,145,29,75,-1,-1,-1,-1
46,15,246,11,11,33,-1,-1,-1,-1
47,1,269,34,13,46,-1,-1,-1,-1
47,2,253,33,14,42,-1,-1,-1,-1
47,3,253,175,27,67,-1,-1,-1,-1
47,4,102,213,32,50,-1,-1,-1,-1
47,5,153,44,14,37,-1,-1,-1,-1
47,7,417,8,14,38,-1,-1,-1,-1
47,8,394,0,16,25,-1,-1,-1,-1
47,14,425,145,30,76,-1,-1,-1,-1
47,15,245,11,11,33,-1,-1,-1,-1
48,1,269,32,14,47,-1,-1,-1,-1
48,2,253,34,14,41,-1,-1,-1,-1
48,3,253,173,28,68,-1,-1,-1,-1
48,4,101,214,33,51,-1,-1,-1,-1
48,5,153,43,15,38,-1,-1,-1,-1
48,7,417,7,14,40,-1,-1,-1,-1
48,8,393,0,17,26,-1,-1,-1,-1
48,14,426,146,29,73,-1,-1,-1,-1
48,15,245,10,11,34,-1,-1,-1,-1
49,1,269,32,13,46,-1,-1,-1,-1
49,2,255,32,14,42,-1,-1,-1,-1
49,3,253,172,28,68,-1,-1,-1,-1
49,4,98,214,36,57,-1,-1,-1,-1
49,5,155,43,14,37,-1,-1,-1,-1
49,7,417,7,14,39,-1,-1,-1,-1
49,8,394,0,17,26,-1,-1,-1,-1
49,14,427,147,26,64,-1,-1,-1,-1
49,15,244,9,13,35,-1,-1,-1,-1
50,1,271,32,13,45,-1,-1,-1,-1
50,2,255,32,14,42,-1,-1,-1,-1
50,3,254,172,28,67,-1,-1,-1,-1
50,4,96,215,39,61,-1,-1,-1,-1
50,5,154,37,17,44,-1,-1,-1,-1
50,7,417,6,14,40,-1,-1,-1,-1
50,8,394,0,17,27,-1,-1,-1,-1
50,14,428,146,24,59,-1,-1,-1,-1
50,15,243,8,13,37,-1,-1,-1,-1
51,1,271,33,13,44,-1,-1,-1,-1
51,2,256,31,14,43,-1,-1,-1,-1
51,3,256,172,27,65,-1,-1,-1,-1
51,4,87,217,51,80,-1,-1,-1,-1
51,5,154,34,18,47,-1,-1,-1,-1
51,7,418,8,13,39,-1,-1,-1,-1
51,8,393,0,17,27,-1,-1,-1,-1
51,14,427,146,25,60,-1,-1,-1,-1
51,15,244,9,13,37,-1,-1,-1,-1
52,1,272,32,13,45,-1,-1,-1,-1
52,2,257,31,14,40,-1,-1,-1,-1
52,3,257,171,27,65,-1,-1,-1,-1
52,4,84,218,54,87,-1,-1,-1,-1
52,5,156,35,17,45,-1,-1,-1,-1
52,7,418,8,13,39,-1,-1,-1,-1
52,8,393,0,18,27,-1,-1,-1,-1
52,14,424,147,30,71,-1,-1,-1,-1
52,15,244,10,12,36,-1,-1,-1,-1
53,1,272,32,13,45,-1,-1,-1,-1
53,2,257,32,14,41,-1,-1,-1,-1
53,3,258,170,27,66,-1,-1,-1,-1
53,4,82,219,56,90,-1,-1,-1,-1
53,5,157,41,15,40,-1,-1,-1,-1
53,7,418,7,13,38,-1,-1,-1,-1
53,14,423,147,32,76,-1,-1,-1,-1
53,15,244,11,11,35,-1,-1,-1,-1
54,1,272,30,13,47,-1,-1,-1,-1
54,2,256,30,15,42,-1,-1,-1,-1
54,3,258,171,27,64,-1,-1,-1,-1
54,4,79,223,55,90,-1,-1,-1,-1
54,5,157,43,14,37,-1,-1,-1,-1
54,7,418,8,13,37,-1,-1,-1,-1
54,14,421,148,33,79,-1,-1,-1,-1
54,15,242,10,12,36,-1,-1,-1,-1
55,1,273,30,13,46,-1,-1,-1,-1
55,2,257,31,14,41,-1,-1,-1,-1
55,3,259,170,28,66,-1,-1,-1,-1
55,4,86,226,40,64,-1,-1,-1,-1
55,5,159,44,13,36,-1,-1,-1,-1
55,7,418,6,14,40,-1,-1,-1,-1
55,14,420,149,33,80,-1,-1,-1,-1
55,15,241,9,13,37,-1,-1,-1,-1
56,1,274,28,13,48,-1,-1,-1,-1
56,2,259,30,14,42,-1,-1,-1,-1
56,3,260,169,26,64,-1,-1,-1,-1
56,4,80,226,49,79,-1,-1,-1,-1
56,5,159,43,13,34,-1,-1,-1,-1
56,7,419,6,14,40,-1,-1,-1,-1
56,8,394,0,16,27,-1,-1,-1,-1
56,14,421,151,32,79,-1,-1,-1,-1
56,15,242,11,12,36,-1,-1,-1,-1
57,1,274,30,13,46,-1,-1,-1,-1
57,2,259,30,14,42,-1,-1,-1,-1
57,3,260,168,26,63,-1,-1,-1,-1
57,4,77,229,51,85,-1,-1,-1,-1
57,5,160,42,13,34,-1,-1,-1,-1
57,7,419,6,14,40,-1,-1,-1,-1
57,8,394,0,17,27,-1,-1,-1,-1
57,14,420,152,32,80,-1,-1,-1,-1
57,15,241,10,13,38,-1,-1,-1,-1
58,1,276,29,12,45,-1,-1,-1,-1
58,2,258,29,15,43,-1,-1,-1,-1
58,3,259,168,26,62,-1,-1,-1,-1
58,4,74,230,52,89,-1,-1,-1,-1
58,5,160,41,13,36,-1,-1,-1,-1
58,7,418,5,15,40,-1,-1,-1,-1
58,8,393,0,16,25,-1,-1,-1,-1
58,14,420,154,31,77,-1,-1,-1,-1
58,15,241,9,13,38,-1,-1,-1,-1
59,1,276,30,13,44,-1,-1,-1,-1
59,2,259,29,15,43,-1,-1,-1,-1
59,3,261,165,27,63,-1,-1,-1,-1
59,4,72,230,53,89,-1,-1,-1,-1
59,5,161,41,13,35,-1,-1,-1,-1
59,7,419,5,14,40,-1,-1,-1,-1
59,8,393,0,16,27,-1,-1,-1,-1
59,14,420,155,29,71,-1,-1,-1,-1
59,15,241,12,12,36,-1,-1,-1,-1
60,1,276,30,13,45,-1,-1,-1,-1
60,2,259,28,15,44,-1,-1,-1,-1
60,3,262,165,27,63,-1,-1,-1,-1
60,4,70,230,51,89,-1,-1,-1,-1
60,7,418,4,14,41,-1,-1,-1,-1
60,8,394,0,15,24,-1,-1,-1,-1
60,14,422,156,26,64,-1,-1,-1,-1
60,15,240,13,12,37,-1,-1,-1,-1
61,1,276,29,14,46,-1,-1,-1,-1
61,2,260,28,15,45,-1,-1,-1,-1
61,3,262,164,28,64,-1,-1,-1,-1
61,4,69,232,50,87,-1,-1,-1,-1
61,7,419,4,14,40,-1,-1,-1,-1
61,8,394,0,15,23,-1,-1,-1,-1
61,14,422,157,25,61,-1,-1,-1,-1
61,15,239,13,13,38,-1,-1,-1,-1
62,1,277,30,14,45,-1,-1,-1,-1
62,2,260,27,15,45,-1,-1,-1,-1
62,3,263,163,27,64,-1,-1,-1,-1
62,4,69,234,48,85,-1,-1,-1,-1
62,7,419,4,14,40,-1,-1,-1,-1
62,8,394,0,14,22,-1,-1,-1,-1
62,14,420,158,27,63,-1,-1,-1,-1
62,15,239,14,12,36,-1,-1,-1,-1
62,16,0,180,16,55,-1,-1,-1,-1
63,1,279,30,13,44,-1,-1,-1,-1
63,2,261,26,15,45,-1,-1,-1,-1
63,3,264,162,27,65,-1,-1,-1,-1
63,4,67,235,46,84,-1,-1,-1,-1
63,7,420,4,14,40,-1,-1,-1,-1
63,14,418,157,30,72,-1,-1,-1,-1
63,15,239,14,12,36,-1,-1,-1,-1
63,16,0,177,16,57,-1,-1,-1,-1
64,1,278,29,14,46,-1,-1,-1,-1
64,2,262,25,15,46,-1,-1,-1,-1
64,3,264,162,27,63,-1,-1,-1,-1
64,4,67,238,45,81,-1,-1,-1,-1
64,5,164,41,14,35,-1,-1,-1,-1
64,7,419,4,15,40,-1,-1,-1,-1
64,14,417,158,32,76,-1,-1,-1,-1
64,15,238,14,12,36,-1,-1,-1,-1
64,16,0,169,18,65,-1,-1,-1,-1
65,1,280,29,13,45,-1,-1,-1,-1
65,2,263,25,15,46,-1,-1,-1,-1
65,3,265,161,27,65,-1,-1,-1,-1
65,4,66,240,45,79,-1,-1,-1,-1
65,5,165,42,12,33,-1,-1,-1,-1
65,7,420,4,14,40,-1,-1,-1,-1
65,14,416,159,32,78,-1,-1,-1,-1
65,15,237,14,12,36,-1,-1,-1,-1
65,16,0,164,18,70,-1,-1,-1,-1
66,1,280,29,13,44,-1,-1,-1,-1
66,2,263,24,15,47,-1,-1,-1,-1
66,3,265,160,28,65,-1,-1,-1,-1
66,4,67,242,36,64,-1,-1,-1,-1
66,5,165,38,13,36,-1,-1,-1,-1
66,7,420,4,14,40,-1,-1,-1,-1
66,14,416,159,33,80,-1,-1,-1,-1
66,15,237,15,12,35,-1,-1,-1,-1
66,16,0,163,19,72,-1,-1,-1,-1
67,1,280,28,13,44,-1,-1,-1,-1
67,2,264,25,15,45,-1,-1,-1,-1
67,3,266,159,27,65,-1,-1,-1,-1
67,4,64,245,41,71,-1,-1,-1,-1
67,5,166,38,13,37,-1,-1,-1,-1
67,7,420,4,14,40,-1,-1,-1,-1
67,8,392,0,14,21,-1,-1,-1,-1
67,14,414,161,35,83,-1,-1,-1,-1
67,15,237,15,12,36,-1,-1,-1,-1
67,16,0,161,20,73,-1,-1,-1,-1
68,1,281,28,13,45,-1,-1,-1,-1
68,2,265,25,14,44,-1,-1,-1,-1
68,3,266,159,28,65,-1,-1,-1,-1
68,4,62,248,41,70,-1,-1,-1,-1
68,5,166,38,14,37,-1,-1,-1,-1
68,7,420,3,13,39,-1,-1,-1,-1
68,8,392,0,13,20,-1,-1,-1,-1
68,14,414,162,34,84,-1,-1,-1,-1
68,15,236,15,12,36,-1,-1,-1,-1
68,16,0,161,19,74,-1,-1,-1,-1
69,1,281,28,13,44,-1,-1,-1,-1
69,2,265,25,15,44,-1,-1,-1,-1
69,3,267,158,28,65,-1,-1,-1,-1
69,4,63,248,37,61,-1,-1,-1,-1
69,7,420,3,14,40,-1,-1,-1,-1
69,8,393,0,15,23,-1,-1,-1,-1
69,14,414,163,34,84,-1,-1,-1,-1
69,15,235,14,13,37,-1,-1,-1,-1
69,16,0,158,20,77,-1,-1,-1,-1
70,1,282,28,13,43,-1,-1,-1,-1
70,2,265,25,15,45,-1,-1,-1,-1
70,3,268,156,27,63,-1,-1,-1,-1
70,4,62,248,36,58,-1,-1,-1,-1
70,7,420,2,14,40,-1,-1,-1,-1
70,8,393,0,15,23,-1,-1,-1,-1
70,14,414,165,33,84,-1,-1,-1,-1
70,15,235,15,12,37,-1,-1,-1,-1
70,16,0,159,21,76,-1,-1,-1,-1
71,1,282,28,13,43,-1,-1,-1,-1
71,2,266,25,14,44,-1,-1,-1,-1
71,3,269,155,26,62,-1,-1,-1,-1
71,4,59,249,41,66,-1,-1,-1,-1
71,5,168,28,15,43,-1,-1,-1,-1
71,7,421,2,13,39,-1,-1,-1,-1
71,14,414,167,33,84,-1,-1,-1,-1
71,15,235,16,11,35,-1,-1,-1,-1
71,16,0,158,22,76,-1,-1,-1,-1
72,1,282,27,13,45,-1,-1,-1,-1
72,2,267,25,14,44,-1,-1,-1,-1
72,3,268,154,27,62,-1,-1,-1,-1
72,4,57,249,43,69,-1,-1,-1,-1
72,5,168,26,16,45,-1,-1,-1,-1
72,7,421,1,14,40,-1,-1,-1,-1
72,14,414,168,33,82,-1,-1,-1,-1
72,15,235,16,12,35,-1,-1,-1,-1
72,16,1,157,23,76,-1,-1,-1,-1
73,1,282,26,13,46,-1,-1,-1,-1
73,2,267,24,15,44,-1,-1,-1,-1
73,3,270,154,26,60,-1,-1,-1,-1
73,4,53,250,43,69,-1,-1,-1,-1
73,5,169,26,16,45,-1,-1,-1,-1
73,7,420,1,14,40,-1,-1,-1,-1
73,14,415,170,31,81,-1,-1,-1,-1
73,15,235,17,11,35,-1,-1,-1,-1
73,16,2,157,23,75,-1,-1,-1,-1
74,1,284,27,12,44,-1,-1,-1,-1
74,2,268,23,15,45,-1,-1,-1,-1
74,3,272,153,26,60,-1,-1,-1,-1
74,4,54,252,44,67,-1,-1,-1,-1
74,5,169,25,17,47,-1,-1,-1,-1
74,7,420,1,15,40,-1,-1,-1,-1
74,14,415,172,30,77,-1,-1,-1,-1
74,15,234,17,12,37,-1,-1,-1,-1
74,16,3,155,23,76,-1,-1,-1,-1
75,1,284,28,12,41,-1,-1,-1,-1
75,2,269,23,15,44,-1,-1,-1,-1
75,3,273,153,25,57,-1,-1,-1,-1
75,4,50,252,43,67,-1,-1,-1,-1
75,5,169,25,17,47,-1,-1,-1,-1
75,7,421,1,14,39,-1,-1,-1,-1
75,14,414,172,31,78,-1,-1,-1,-1
75,15,233,17,12,36,-1,-1,-1,-1
75,16,4,154,24,77,-1,-1,-1,-1
76,1,284,27,13,42,-1,-1,-1,-1
76,2,269,22,15,45,-1,-1,-1,-1
76,3,274,153,25,57,-1,-1,-1,-1
76,4,47,254,43,65,-1,-1,-1,-1
76,5,170,25,16,47,-1,-1,-1,-1
76,7,421,1,14,40,-1,-1,-1,-1
76,8,388,0,12,18,-1,-1,-1,-1
76,14,414,172,32,78,-1,-1,-1,-1
76,15,232,16,13,38,-1,-1,-1,-1
76,16,5,154,24,75,-1,-1,-1,-1
77,1,284,26,13,43,-1,-1,-1,-1
77,2,269,23,15,44,-1,-1,-1,-1
77,3,274,153,25,57,-1,-1,-1,-1
77,4,47,257,42,62,-1,-1,-1,-1
77,5,172,27,15,42,-1,-1,-1,-1
77,7,421,1,14,39,-1,-1,-1,-1
77,8,387,0,12,18,-1,-1,-1,-1
77,14,415,173,31,80,-1,-1,-1,-1
77,15,232,17,12,39,-1,-1,-1,-1
77,16,7,153,24,71,-1,-1,-1,-1
78,1,285,26,13,43,-1,-1,-1,-1
78,2,269,23,15,43,-1,-1,-1,-1
78,3,274,152,24,56,-1,-1,-1,-1
78,4,46,260,40,59,-1,-1,-1,-1
78,5,172,28,15,41,-1,-1,-1,-1
78,7,421,2,14,37,-1,-1,-1,-1
78,14,414,173,32,82,-1,-1,-1,-1
78,15,232,17,12,38,-1,-1,-1,-1
78,16,8,150,25,73,-1,-1,-1,-1
79,1,285,26,13,42,-1,-1,-1,-1
79,2,271,22,14,44,-1,-1,-1,-1
79,3,275,152,24,56,-1,-1,-1,-1
79,4,43,262,39,57,-1,-1,-1,-1
79,5,173,27,15,43,-1,-1,-1,-1
79,7,421,2,13,37,-1,-1,-1,-1
79,14,413,174,33,83,-1,-1,-1,-1
79,15,232,19,12,37,-1,-1,-1,-1
79,16,9,149,24,72,-1,-1,-1,-1
80,1,285,24,13,44,-1,-1,-1,-1
80,2,271,23,14,42,-1,-1,-1,-1
80,3,275,152,24,55,-1,-1,-1,-1
80,4,41,265,38,54,-1,-1,-1,-1
80,5,173,27,16,43,-1,-1,-1,-1
80,7,421,1,14,38,-1,-1,-1,-1
80,14,414,175,33,82,-1,-1,-1,-1
80,15,232,19,12,37,-1,-1,-1,-1
80,16,10,148,25,73,-1,-1,-1,-1
81,1,286,25,13,43,-1,-1,-1,-1
81,2,271,23,15,43,-1,-1,-1,-1
81,3,275,150,25,58,-1,-1,-1,-1
81,4,39,266,38,53,-1,-1,-1,-1
81,5,174,29,15,40,-1,-1,-1,-1
81,7,421,1,14,38,-1,-1,-1,-1
81,14,413,175,33,84,-1,-1,-1,-1
81,15,231,19,13,37,-1,-1,-1,-1
81,16,11,147,26,73,-1,-1,-1,-1
82,1,288,25,12,41,-1,-1,-1,-1
82,2,271,23,15,42,-1,-1,-1,-1
82,3,275,149,27,61,-1,-1,-1,-1
82,4,39,267,38,52,-1,-1,-1,-1
82,5,176,31,13,37,-1,-1,-1,-1
82,7,422,0,13,38,-1,-1,-1,-1
82,14,413,178,33,81,-1,-1,-1,-1
82,15,231,18,13,38,-1,-1,-1,-1
82,16,11,146,27,73,-1,-1,-1,-1
83,1,288,26,13,41,-1,-1,-1,-1
83,2,271,22,15,43,-1,-1,-1,-1
83,3,276,148,27,61,-1,-1,-1,-1
83,4,37,268,38,51,-1,-1,-1,-1
83,5,176,34,13,36,-1,-1,-1,-1
83,7,422,0,14,38,-1,-1,-1,-1
83,14,414,180,32,78,-1,-1,-1,-1
83,15,230,18,13,37,-1,-1,-1,-1
83,16,13,146,27,73,-1,-1,-1,-1
84,1,289,27,13,39,-1,-1,-1,-1
84,2,271,22,15,43,-1,-1,-1,-1
84,3,277,146,26,61,-1,-1,-1,-1
84,4,35,270,38,49,-1,-1,-1,-1
84,5,176,33,13,36,-1,-1,-1,-1
84,7,422,0,14,37,-1,-1,-1,-1
84,14,414,181,31,76,-1,-1,-1,-1
84,15,230,19,12,37,-1,-1,-1,-1
84,16,15,146,28,73,-1,-1,-1,-1
85,1,288,26,12,40,-1,-1,-1,-1
85,2,272,22,15,42,-1,-1,-1,-1
85,3,277,146,26,59,-1,-1,-1,-1
85,4,33,272,37,47,-1,-1,-1,-1
85,5,177,32,13,35,-1,-1,-1,-1
85,7,422,0,13,36,-1,-1,-1,-1
85,14,414,183,31,75,-1,-1,-1,-1
85,15,230,19,12,37,-1,-1,-1,-1
85,16,17,146,29,73,-1,-1,-1,-1
86,1,290,27,12,38,-1,-1,-1,-1
86,2,272,22,15,42,-1,-1,-1,-1
86,3,276,145,28,62,-1,-1,-1,-1
86,4,31,273,37,46,-1,-1,-1,-1
86,5,178,30,14,36,-1,-1,-1,-1
86,7,422,0,14,37,-1,-1,-1,-1
86,14,413,185,31,74,-1,-1,-1,-1
86,15,229,19,12,37,-1,-1,-1,-1
86,16,17,146,30,74,-1,-1,-1,-1
87,1,290,27,12,38,-1,-1,-1,-1
87,2,273,22,15,41,-1,-1,-1,-1
87,3,277,145,27,62,-1,-1,-1,-1
87,4,31,275,36,44,-1,-1,-1,-1
87,5,179,28,14,38,-1,-1,-1,-1
87,7,421,0,15,37,-1,-1,-1,-1
87,14,413,186,30,70,-1,-1,-1,-1
87,15,228,19,12,38,-1,-1,-1,-1
87,16,19,146,29,73,-1,-1,-1,-1
88,1,290,25,13,39,-1,-1,-1,-1
88,2,273,21,15,41,-1,-1,-1,-1
88,3,278,145,27,62,-1,-1,-1,-1
88,4,30,278,35,41,-1,-1,-1,-1
88,5,179,29,14,37,-1,-1,-1,-1
88,7,422,0,13,36,-1,-1,-1,-1
88,14,414,187,28,67,-1,-1,-1,-1
88,15,226,19,13,39,-1,-1,-1,-1
88,16,20,145,30,73,-1,-1,-1,-1
89,1,289,25,13,40,-1,-1,-1,-1
89,2,275,22,14,41,-1,-1,-1,-1
89,3,278,144,26,62,-1,-1,-1,-1
89,4,27,280,35,39,-1,-1,-1,-1
89,5,180,30,13,36,-1,-1,-1,-1
89,7,422,0,13,36,-1,-1,-1,-1
89,8,377,0,15,22,-1,-1,-1,-1
89,14,412,187,29,68,-1,-1,-1,-1
89,15,226,19,13,38,-1,-1,-1,-1
89,16,21,144,31,72,-1,-1,-1,-1
90,1,291,27,12,38,-1,-1,-1,-1
90,2,275,22,13,39,-1,-1,-1,-1
90,3,279,144,26,58,-1,-1,-1,-1
90,4,26,281,35,38,-1,-1,-1,-1
90,5,181,30,13,36,-1,-1,-1,-1
90,8,378,0,14,21,-1,-1,-1,-1
90,14,412,188,30,71,-1,-1,-1,-1
90,15,226,20,12,37,-1,-1,-1,-1
90,16,22,142,30,72,-1,-1,-1,-1
91,1,291,27,13,37,-1,-1,-1,-1
91,2,275,21,13,40,-1,-1,-1,-1
91,3,279,142,26,57,-1,-1,-1,-1
91,4,22,284,35,35,-1,-1,-1,-1
91,7,423,0,13,35,-1,-1,-1,-1
91,8,378,0,14,21,-1,-1,-1,-1
91,14,410,188,33,78,-1,-1,-1,-1
91,15,225,19,13,38,-1,-1,-1,-1
91,16,23,142,29,69,-1,-1,-1,-1
92,1,292,27,13,37,-1,-1,-1,-1
92,2,278,24,12,36,-1,-1,-1,-1
92,3,281,141,24,56,-1,-1,-1,-1
92,4,19,286,34,33,-1,-1,-1,-1
92,5,181,28,14,37,-1,-1,-1,-1
92,7,423,0,14,37,-1,-1,-1,-1
92,8,377,0,14,21,-1,-1,-1,-1
92,14,409,187,35,82,-1,-1,-1,-1
92,15,225,21,12,38,-1,-1,-1,-1
92,16,24,141,29,69,-1,-1,-1,-1
93,1,293,27,12,37,-1,-1,-1,-1
93,2,277,23,12,36,-1,-1,-1,-1
93,3,281,138,26,58,-1,-1,-1,-1
93,4,18,289,33,30,-1,-1,-1,-1
93,5,181,26,14,39,-1,-1,-1,-1
93,7,423,0,14,35,-1,-1,-1,-1
93,8,377,0,14,22,-1,-1,-1,-1
93,14,409,188,34,81,-1,-1,-1,-1
93,15,225,21,13,38,-1,-1,-1,-1
93,16,26,141,29,68,-1,-1,-1,-1
94,1,292,26,13,38,-1,-1,-1,-1
94,2,278,23,12,37,-1,-1,-1,-1
94,3,282,138,26,57,-1,-1,-1,-1
94,4,16,291,30,28,-1,-1,-1,-1
94,5,181,26,14,39,-1,-1,-1,-1
94,7,423,0,14,35,-1,-1,-1,-1
94,8,376,0,15,22,-1,-1,-1,-1
94,14,409,189,35,83,-1,-1,-1,-1
94,15,224,20,14,40,-1,-1,-1,-1
94,16,27,140,30,69,-1,-1,-1,-1
95,1,293,26,12,38,-1,-1,-1,-1
95,2,279,22,12,39,-1,-1,-1,-1
95,3,283,137,25,57,-1,-1,-1,-1
95,4,12,292,31,27,-1,-1,-1,-1
95,5,183,24,14,41,-1,-1,-1,-1
95,7,424,0,13,34,-1,-1,-1,-1
95,8,376,0,14,22,-1,-1,-1,-1
95,14,408,191,35,83,-1,-1,-1,-1
95,15,224,20,13,39,-1,-1,-1,-1
95,16,27,139,30,70,-1,-1,-1,-1
96,1,294,26,12,37,-1,-1,-1,-1
96,2,278,21,13,40,-1,-1,-1,-1
96,3,284,137,25,56,-1,-1,-1,-1
96,4,9,294,30,25,-1,-1,-1,-1
96,5,184,25,14,40,-1,-1,-1,-1
96,7,424,0,12,32,-1,-1,-1,-1
96,14,408,192,34,81,-1,-1,-1,-1
96,15,224,21,13,38,-1,-1,-1,-1
96,16,28,139,30,70,-1,-1,-1,-1
97,1,295,27,11,34,-1,-1,-1,-1
97,2,279,20,13,41,-1,-1,-1,-1
97,3,284,138,25,53,-1,-1,-1,-1
97,4,8,295,28,24,-1,-1,-1,-1
97,5,184,24,14,40,-1,-1,-1,-1
97,7,424,0,13,33,-1,-1,-1,-1
97,14,409,194,33,79,-1,-1,-1,-1
97,15,223,21,13,39,-1,-1,-1,-1
97,16,30,138,29,71,-1,-1,-1,-1
98,1,294,26,12,35,-1,-1,-1,-1
98,2,279,22,14,38,-1,-1,-1,-1
98,3,285,137,25,55,-1,-1,-1,-1
98,4,5,297,27,22,-1,-1,-1,-1
98,5,185,23,14,41,-1,-1,-1,-1
98,7,425,0,13,32,-1,-1,-1,-1
98,14,409,197,33,78,-1,-1,-1,-1
98,15,222,22,13,39,-1,-1,-1,-1
98,16,32,137,30,73,-1,-1,-1,-1
99,1,295,25,11,36,-1,-1,-1,-1
99,2,281,20,13,40,-1,-1,-1,-1
99,3,285,136,26,55,-1,-1,-1,-1
99,4,3,298,28,21,-1,-1,-1,-1
99,5,186,26,13,37,-1,-1,-1,-1
99,7,425,0,13,32,-1,-1,-1,-1
99,14,411,198,31,74,-1,-1,-1,-1
99,15,222,22,13,39,-1,-1,-1,-1
99,16,33,137,30,73,-1,-1,-1,-1
100,1,294,25,12,35,-1,-1,-1,-1
100,2,281,20,14,39,-1,-1,-1,-1
100,3,287,134,25,54,-1,-1,-1,-1
100,4,2,299,25,20,-1,-1,-1,-1
100,5,187,25,13,38,-1,-1,-1,-1
100,14,411,199,32,74,-1,-1,-1,-1
100,15,222,22,13,38,-1,-1,-1,-1
100,16,34,138,30,71,-1,-1,-1,-1
101,1,295,25,12,35,-1,-1,-1,-1
101,2,281,18,14,41,-1,-1,-1,-1
101,3,287,134,25,53,-1,-1,-1,-1
101,4,0,301,24,18,-1,-1,-1,-1
101,5,186,25,13,39,-1,-1,-1,-1
101,7,425,0,13,33,-1,-1,-1,-1
101,8,373,0,14,22,-1,-1,-1,-1
101,14,411,200,33,77,-1,-1,-1,-1
101,15,222,23,13,39,-1,-1,-1,-1
101,16,35,137,30,72,-1,-1,-1,-1
102,1,298,26,11,33,-1,-1,-1,-1
102,2,282,17,13,41,-1,-1,-1,-1
102,3,288,134,25,52,-1,-1,-1,-1
102,5,186,23,14,41,-1,-1,-1,-1
102,7,425,0,14,33,-1,-1,-1,-1
102,8,372,0,15,22,-1,-1,-1,-1
102,14,410,199,35,79,-1,-1,-1,-1
102,15,221,23,14,40,-1,-1,-1,-1
102,16,36,135,30,72,-1,-1,-1,-1
103,1,298,24,11,34,-1,-1,-1,-1
103,2,282,15,14,43,-1,-1,-1,-1
103,3,289,133,24,53,-1,-1,-1,-1
103,5,187,22,14,41,-1,-1,-1,-1
103,8,373,0,14,22,-1,-1,-1,-1
103,14,413,200,31,70,-1,-1,-1,-1
103,15,220,23,13,40,-1,-1,-1,-1
103,16,37,135,29,70,-1,-1,-1,-1
104,1,299,25,11,33,-1,-1,-1,-1
104,2,282,16,14,41,-1,-1,-1,-1
104,3,288,133,26,53,-1,-1,-1,-1
104,5,188,21,14,42,-1,-1,-1,-1
104,8,373,0,14,22,-1,-1,-1,-1
104,14,409,201,38,87,-1,-1,-1,-1
104,15,219,24,14,39,-1,-1,-1,-1
104,16,39,134,28,69,-1,-1,-1,-1
105,1,299,25,11,33,-1,-1,-1,-1
105,2,283,16,13,41,-1,-1,-1,-1
105,3,289,131,26,56,-1,-1,-1,-1
105,5,189,22,13,41,-1,-1,-1,-1
105,8,371,0,15,23,-1,-1,-1,-1
105,14,408,202,39,88,-1,-1,-1,-1
105,15,219,24,14,40,-1,-1,-1,-1
105,16,40,133,28,66,-1,-1,-1,-1
106,1,299,25,12,34,-1,-1,-1,-1
106,2,284,16,13,42,-1,-1,-1,-1
106,3,290,131,25,54,-1,-1,-1,-1
106,5,189,22,13,41,-1,-1,-1,-1
106,8,370,0,14,23,-1,-1,-1,-1
106,14,410,204,37,85,-1,-1,-1,-1
106,15,218,24,14,40,-1,-1,-1,-1
106,16,41,132,27,66,-1,-1,-1,-1
107,1,299,25,12,34,-1,-1,-1,-1
107,2,283,17,14,40,-1,-1,-1,-1
107,3,291,130,25,55,-1,-1,-1,-1
107,5,190,22,14,41,-1,-1,-1,-1
107,8,370,0,14,23,-1,-1,-1,-1
107,14,410,205,36,86,-1,-1,-1,-1
107,15,217,24,14,39,-1,-1,-1,-1
107,16,42,131,28,67,-1,-1,-1,-1
108,1,299,23,13,35,-1,-1,-1,-1
108,2,284,16,13,40,-1,-1,-1,-1
108,3,291,129,26,57,-1,-1,-1,-1
108,5,191,23,13,39,-1,-1,-1,-1
108,6,412,208,36,55,-1,-1,-1,-1
108,7,427,0,11,27,-1,-1,-1,-1
108,8,369,0,14,23,-1,-1,-1,-1
108,14,409,206,38,87,-1,-1,-1,-1
108,15,217,24,13,39,-1,-1,-1,-1
108,16,44,130,27,67,-1,-1,-1,-1
109,1,298,19,14,39,-1,-1,-1,-1
109,2,285,16,14,41,-1,-1,-1,-1
109,3,292,129,26,57,-1,-1,-1,-1
109,5,192,22,13,41,-1,-1,-1,-1
109,6,410,207,38,63,-1,-1,-1,-1
109,7,428,0,11,26,-1,-1,-1,-1
109,15,216,23,13,40,-1,-1,-1,-1
109,16,45,128,28,70,-1,-1,-1,-1
110,1,296,16,15,42,-1,-1,-1,-1
110,2,286,16,14,41,-1,-1,-1,-1
110,3,292,128,26,57,-1,-1,-1,-1
110,5,192,22,13,41,-1,-1,-1,-1
110,6,410,209,37,62,-1,-1,-1,-1
110,7,427,0,12,29,-1,-1,-1,-1
110,8,368,0,15,24,-1,-1,-1,-1
110,15,215,24,13,41,-1,-1,-1,-1
110,16,47,129,28,68,-1,-1,-1,-1
111,1,296,15,15,43,-1,-1,-1,-1
111,2,286,15,14,42,-1,-1,-1,-1
111,3,292,128,26,57,-1,-1,-1,-1
111,5,193,23,13,39,-1,-1,-1,-1
111,6,410,211,36,63,-1,-1,-1,-1
111,7,427,0,13,32,-1,-1,-1,-1
111,8,368,0,15,25,-1,-1,-1,-1
111,15,214,24,13,41,-1,-1,-1,-1
111,16,48,128,29,69,-1,-1,-1,-1
112,1,295,15,15,43,-1,-1,-1,-1
112,2,286,14,14,43,-1,-1,-1,-1
112,3,292,127,26,57,-1,-1,-1,-1
112,5,193,22,13,39,-1,-1,-1,-1
112,6,410,212,37,67,-1,-1,-1,-1
112,7,427,0,14,32,-1,-1,-1,-1
112,8,368,0,14,24,-1,-1,-1,-1
112,15,213,25,13,40,-1,-1,-1,-1
112,16,50,128,29,69,-1,-1,-1,-1
113,1,296,16,15,41,-1,-1,-1,-1
113,2,287,14,13,41,-1,-1,-1,-1
113,3,292,126,26,58,-1,-1,-1,-1
113,5,194,21,14,40,-1,-1,-1,-1
113,6,412,215,33,61,-1,-1,-1,-1
113,8,367,0,14,24,-1,-1,-1,-1
113,15,213,25,13,41,-1,-1,-1,-1
113,16,51,129,29,68,-1,-1,-1,-1
114,1,300,19,13,37,-1,-1,-1,-1
114,2,286,14,14,41,-1,-1,-1,-1
114,3,292,125,26,57,-1,-1,-1,-1
114,5,194,19,14,41,-1,-1,-1,-1
114,6,412,214,33,62,-1,-1,-1,-1
114,8,367,0,13,24,-1,-1,-1,-1
114,14,409,215,35,82,-1,-1,-1,-1
114,15,213,25,13,41,-1,-1,-1,-1
114,16,52,129,29,67,-1,-1,-1,-1
115,1,298,15,15,41,-1,-1,-1,-1
115,2,287,14,13,41,-1,-1,-1,-1
115,3,292,125,26,57,-1,-1,-1,-1
115,5,195,19,13,41,-1,-1,-1,-1
115,8,366,0,14,24,-1,-1,-1,-1
115,14,410,217,32,74,-1,-1,-1,-1
115,15,212,26,13,40,-1,-1,-1,-1
115,16,53,128,29,67,-1,-1,-1,-1
116,1,299,15,15,42,-1,-1,-1,-1
116,2,286,14,13,39,-1,-1,-1,-1
116,3,293,124,26,57,-1,-1,-1,-1
116,5,195,19,14,42,-1,-1,-1,-1
116,8,365,0,14,24,-1,-1,-1,-1
116,14,412,218,29,65,-1,-1,-1,-1
116,15,211,27,13,39,-1,-1,-1,-1
116,16,54,127,29,66,-1,-1,-1,-1
117,1,300,13,15,42,-1,-1,-1,-1
117,2,287,14,13,40,-1,-1,-1,-1
117,3,294,124,25,56,-1,-1,-1,-1
117,5,196,20,14,41,-1,-1,-1,-1
117,6,405,218,43,80,-1,-1,-1,-1
117,8,365,0,14,25,-1,-1,-1,-1
117,14,413,219,28,64,-1,-1,-1,-1
117,15,211,27,13,39,-1,-1,-1,-1
117,16,55,126,28,67,-1,-1,-1,-1
118,1,300,14,16,41,-1,-1,-1,-1
118,2,287,14,13,40,-1,-1,-1,-1
118,3,295,123,25,55,-1,-1,-1,-1
118,5,197,20,14,41,-1,-1,-1,-1
118,6,406,218,41,82,-1,-1,-1,-1
118,8,363,0,14,25,-1,-1,-1,-1
118,15,210,26,13,40,-1,-1,-1,-1
118,16,56,125,28,65,-1,-1,-1,-1
119,1,301,14,15,41,-1,-1,-1,-1
119,2,289,13,13,41,-1,-1,-1,-1
119,3,296,123,25,56,-1,-1,-1,-1
119,5,196,20,14,42,-1,-1,-1,-1
119,6,406,221,40,80,-1,-1,-1,-1
119,8,363,0,14,25,-1,-1,-1,-1
119,15,209,26,13,41,-1,-1,-1,-1
119,16,57,124,27,65,-1,-1,-1,-1
120,1,302,18,14,36,-1,-1,-1,-1
120,2,288,13,13,42,-1,-1,-1,-1
120,3,296,123,25,57,-1,-1,-1,-1
120,5,197,21,13,41,-1,-1,-1,-1
120,6,406,222,39,79,-1,-1,-1,-1
120,8,362,0,15,25,-1,-1,-1,-1
120,15,207,23,15,45,-1,-1,-1,-1
120,16,58,123,26,65,-1,-1,-1,-1
121,1,304,20,13,34,-1,-1,-1,-1
121,2,289,13,13,41,-1,-1,-1,-1
121,3,297,122,25,58,-1,-1,-1,-1
121,5,197,23,13,39,-1,-1,-1,-1
121,6,405,222,39,79,-1,-1,-1,-1
121,8,362,0,14,25,-1,-1,-1,-1
121,15,208,27,13,40,-1,-1,-1,-1
121,16,59,122,26,65,-1,-1,-1,-1
122,1,305,21,12,33,-1,-1,-1,-1
122,2,290,12,13,41,-1,-1,-1,-1
122,3,299,121,25,56,-1,-1,-1,-1
122,5,198,23,13,39,-1,-1,-1,-1
122,6,403,224,42,88,-1,-1,-1,-1
122,8,361,0,15,25,-1,-1,-1,-1
122,15,207,26,14,42,-1,-1,-1,-1
122,16,60,122,27,65,-1,-1,-1,-1
122,20,348,296,33,23,-1,-1,-1,-1
123,1,306,22,12,31,-1,-1,-1,-1
123,2,290,13,13,38,-1,-1,-1,-1
123,3,299,121,24,53,-1,-1,-1,-1
123,6,402,227,42,89,-1,-1,-1,-1
123,8,361,0,14,25,-1,-1,-1,-1
123,15,206,27,14,42,-1,-1,-1,-1
123,16,62,121,25,65,-1,-1,-1,-1
123,20,348,292,37,27,-1,-1,-1,-1
124,1,306,20,12,32,-1,-1,-1,-1
124,2,290,13,13,38,-1,-1,-1,-1
124,3,299,120,24,53,-1,-1,-1,-1
124,6,404,230,40,86,-1,-1,-1,-1
124,8,361,0,14,25,-1,-1,-1,-1
124,15,204,20,16,48,-1,-1,-1,-1
124,16,63,121,25,64,-1,-1,-1,-1
124,20,347,291,39,28,-1,-1,-1,-1
125,1,305,18,13,33,-1,-1,-1,-1
125,2,291,12,12,38,-1,-1,-1,-1
125,3,299,120,25,55,-1,-1,-1,-1
125,6,405,232,36,79,-1,-1,-1,-1
125,8,361,0,14,25,-1,-1,-1,-1
125,15,202,21,16,47,-1,-1,-1,-1
125,16,63,121,26,65,-1,-1,-1,-1
125,20,346,288,42,31,-1,-1,-1,-1
126,1,305,18,13,33,-1,-1,-1,-1
126,2,290,10,14,40,-1,-1,-1,-1
126,3,301,120,25,54,-1,-1,-1,-1
126,6,407,233,33,71,-1,-1,-1,-1
126,8,359,0,14,25,-1,-1,-1,-1
126,15,201,16,17,52,-1,-1,-1,-1
126,16,64,120,26,66,-1,-1,-1,-1
126,20,346,287,43,32,-1,-1,-1,-1
127,1,305,13,15,40,-1,-1,-1,-1
127,2,291,10,14,40,-1,-1,-1,-1
127,3,301,118,25,55,-1,-1,-1,-1
127,6,409,235,31,66,-1,-1,-1,-1
127,8,358,0,14,26,-1,-1,-1,-1
127,15,199,15,18,53,-1,-1,-1,-1
127,16,66,121,25,65,-1,-1,-1,-1
127,20,345,286,43,33,-1,-1,-1,-1
128,1,305,12,15,41,-1,-1,-1,-1
128,2,293,9,14,41,-1,-1,-1,-1
128,3,300,116,26,58,-1,-1,-1,-1
128,6,408,236,31,65,-1,-1,-1,-1
128,8,358,0,14,26,-1,-1,-1,-1
128,15,199,13,18,53,-1,-1,-1,-1
128,16,67,120,25,65,-1,-1,-1,-1
128,20,345,285,44,34,-1,-1,-1,-1
129,1,306,15,15,38,-1,-1,-1,-1
129,2,293,9,14,41,-1,-1,-1,-1
129,3,301,116,26,57,-1,-1,-1,-1
129,6,408,238,30,63,-1,-1,-1,-1
129,15,200,20,16,47,-1,-1,-1,-1
129,16,67,120,26,65,-1,-1,-1,-1
129,20,346,284,44,35,-1,-1,-1,-1
130,1,307,13,14,38,-1,-1,-1,-1
130,2,293,9,14,41,-1,-1,-1,-1
130,3,301,116,26,58,-1,-1,-1,-1
130,6,408,238,30,62,-1,-1,-1,-1
130,15,199,24,15,44,-1,-1,-1,-1
130,16,68,119,25,64,-1,-1,-1,-1
130,20,345,283,44,36,-1,-1,-1,-1
131,1,306,11,16,41,-1,-1,-1,-1
131,2,294,9,13,40,-1,-1,-1,-1
131,3,301,115,27,59,-1,-1,-1,-1
131,6,408,238,29,60,-1,-1,-1,-1
131,15,199,20,15,48,-1,-1,-1,-1
131,16,70,119,23,60,-1,-1,-1,-1
131,20,344,282,44,37,-1,-1,-1,-1
132,1,308,13,15,40,-1,-1,-1,-1
132,2,293,9,13,37,-1,-1,-1,-1
132,6,408,238,31,63,-1,-1,-1,-1
132,8,356,0,15,27,-1,-1,-1,-1
132,15,199,25,14,43,-1,-1,-1,-1
132,16,71,117,23,61,-1,-1,-1,-1
132,20,344,281,44,38,-1,-1,-1,-1
133,1,308,13,15,40,-1,-1,-1,-1
133,2,293,8,14,41,-1,-1,-1,-1
133,6,407,238,30,61,-1,-1,-1,-1
133,8,356,0,14,26,-1,-1,-1,-1
133,15,198,25,14,44,-1,-1,-1,-1
133,16,71,115,24,62,-1,-1,-1,-1
133,20,344,279,44,40,-1,-1,-1,-1
134,1,308,13,15,39,-1,-1,-1,-1
134,2,294,9,15,43,-1,-1,-1,-1
134,6,407,241,29,59,-1,-1,-1,-1
134,8,356,0,14,26,-1,-1,-1,-1
134,15,198,27,14,42,-1,-1,-1,-1
134,16,72,114,23,63,-1,-1,-1,-1
134,20,345,278,44,41,-1,-1,-1,-1
135,1,309,12,14,40,-1,-1,-1,-1
135,2,295,8,14,42,-1,-1,-1,-1
135,6,406,244,31,62,-1,-1,-1,-1
135,8,356,0,14,27,-1,-1,-1,-1
135,15,198,30,13,39,-1,-1,-1,-1
135,16,72,113,24,64,-1,-1,-1,-1
135,20,345,275,46,44,-1,-1,-1,-1
136,1,309,13,14,37,-1,-1,-1,-1
136,2,296,9,14,40,-1,-1,-1,-1
136,3,302,111,29,66,-1,-1,-1,-1
136,6,404,246,33,67,-1,-1,-1,-1
136,8,355,0,15,27,-1,-1,-1,-1
136,15,197,32,13,37,-1,-1,-1,-1
136,16,73,113,25,64,-1,-1,-1,-1
136,20,344,272,47,47,-1,-1,-1,-1
137,1,310,13,14,37,-1,-1,-1,-1
137,2,296,8,14,39,-1,-1,-1,-1
137,3,302,110,30,67,-1,-1,-1,-1
137,6,403,248,34,70,-1,-1,-1,-1
137,15,197,32,12,36,-1,-1,-1,-1
137,16,75,112,24,63,-1,-1,-1,-1
137,20,345,270,47,49,-1,-1,-1,-1
138,1,309,12,15,38,-1,-1,-1,-1
138,2,296,7,14,39,-1,-1,-1,-1
138,3,305,110,27,60,-1,-1,-1,-1
138,6,401,250,34,69,-1,-1,-1,-1
138,15,196,33,12,36,-1,-1,-1,-1
138,16,76,112,24,63,-1,-1,-1,-1
138,20,346,270,46,49,-1,-1,-1,-1
139,1,309,10,15,38,-1,-1,-1,-1
139,2,296,7,13,39,-1,-1,-1,-1
139,3,305,110,27,59,-1,-1,-1,-1
139,6,401,252,33,67,-1,-1,-1,-1
139,15,195,34,12,35,-1,-1,-1,-1
139,16,77,113,25,63,-1,-1,-1,-1
139,20,347,270,44,49,-1,-1,-1,-1
140,1,310,11,15,37,-1,-1,-1,-1
140,2,297,8,13,37,-1,-1,-1,-1
140,3,307,109,26,59,-1,-1,-1,-1
140,6,401,253,33,66,-1,-1,-1,-1
140,8,355,0,14,27,-1,-1,-1,-1
140,15,195,33,11,34,-1,-1,-1,-1
140,16,78,112,25,64,-1,-1,-1,-1
140,20,346,268,45,51,-1,-1,-1,-1
141,1,310,11,15,37,-1,-1,-1,-1
141,2,297,6,13,40,-1,-1,-1,-1
141,3,308,109,25,54,-1,-1,-1,-1
141,6,401,254,32,65,-1,-1,-1,-1
141,8,354,0,15,28,-1,-1,-1,-1
141,15,194,33,11,33,-1,-1,-1,-1
141,16,78,112,25,62,-1,-1,-1,-1
141,20,347,268,43,51,-1,-1,-1,-1
141,26,0,120,17,57,-1,-1,-1,-1
142,1,310,13,15,36,-1,-1,-1,-1
142,2,297,7,13,39,-1,-1,-1,-1
142,3,309,108,23,52,-1,-1,-1,-1
142,6,402,256,31,63,-1,-1,-1,-1
142,8,354,0,15,28,-1,-1,-1,-1
142,15,194,34,10,31,-1,-1,-1,-1
142,16,80,112,24,62,-1,-1,-1,-1
142,20,348,267,43,52,-1,-1,-1,-1
142,26,0,120,17,57,-1,-1,-1,-1
143,1,310,11,14,37,-1,-1,-1,-1
143,2,297,7,14,40,-1,-1,-1,-1
143,3,307,109,25,54,-1,-1,-1,-1
143,6,401,256,31,63,-1,-1,-1,-1
143,8,353,0,15,29,-1,-1,-1,-1
143,15,193,35,10,29,-1,-1,-1,-1
143,16,80,112,24,61,-1,-1,-1,-1
143,20,348,266,43,53,-1,-1,-1,-1
143,26,0,119,17,58,-1,-1,-1,-1
144,1,311,9,15,38,-1,-1,-1,-1
144,2,298,7,13,38,-1,-1,-1,-1
144,3,308,109,25,53,-1,-1,-1,-1
144,5,212,12,13,39,-1,-1,-1,-1
144,6,400,257,31,62,-1,-1,-1,-1
144,8,354,0,15,28,-1,-1,-1,-1
144,15,193,35,9,29,-1,-1,-1,-1
144,16,81,110,24,62,-1,-1,-1,-1
144,20,350,266,41,53,-1,-1,-1,-1
144,26,1,118,17,59,-1,-1,-1,-1
145,1,311,8,16,38,-1,-1,-1,-1
145,2,299,8,12,37,-1,-1,-1,-1
145,3,308,108,24,51,-1,-1,-1,-1
145,5,212,12,13,40,-1,-1,-1,-1
145,6,400,258,31,61,-1,-1,-1,-1
145,8,354,0,14,28,-1,-1,-1,-1
145,15,192,36,10,29,-1,-1,-1,-1
145,16,81,110,24,60,-1,-1,-1,-1
145,20,350,264,42,55,-1,-1,-1,-1
145,26,3,119,16,54,-1,-1,-1,-1
146,1,313,10,14,36,-1,-1,-1,-1
146,2,299,8,12,36,-1,-1,-1,-1
146,3,310,106,23,50,-1,-1,-1,-1
146,5,213,14,12,37,-1,-1,-1,-1
146,6,399,260,30,59,-1,-1,-1,-1
146,8,354,0,13,27,-1,-1,-1,-1
146,15,192,37,9,27,-1,-1,-1,-1
146,16,83,109,23,60,-1,-1,-1,-1
146,20,351,262,41,57,-1,-1,-1,-1
146,26,5,118,16,53,-1,-1,-1,-1
147,1,314,12,13,34,-1,-1,-1,-1
147,2,299,7,12,38,-1,-1,-1,-1
147,3,311,105,23,48,-1,-1,-1,-1
147,5,213,15,12,37,-1,-1,-1,-1
147,6,399,263,30,56,-1,-1,-1,-1
147,8,352,0,14,28,-1,-1,-1,-1
147,16,83,108,23,60,-1,-1,-1,-1
147,20,351,262,41,57,-1,-1,-1,-1
147,26,4,116,17,54,-1,-1,-1,-1
148,1,313,10,14,35,-1,-1,-1,-1
148,2,300,7,12,37,-1,-1,-1,-1
148,3,312,104,23,49,-1,-1,-1,-1
148,5,214,15,12,36,-1,-1,-1,-1
148,6,399,263,29,56,-1,-1,-1,-1
148,8,352,0,13,28,-1,-1,-1,-1
148,15,189,37,10,27,-1,-1,-1,-1
148,16,83,107,24,62,-1,-1,-1,-1
148,20,351,261,42,58,-1,-1,-1,-1
148,26,5,114,19,58,-1,-1,-1,-1
149,1,314,11,14,34,-1,-1,-1,-1
149,2,301,6,13,39,-1,-1,-1,-1
149,3,311,103,26,56,-1,-1,-1,-1
149,6,399,265,29,54,-1,-1,-1,-1
149,8,352,0,14,29,-1,-1,-1,-1
149,15,188,38,10,28,-1,-1,-1,-1
149,16,84,107,23,61,-1,-1,-1,-1
149,20,352,259,42,60,-1,-1,-1,-1
149,26,6,112,19,61,-1,-1,-1,-1
150,1,314,10,14,35,-1,-1,-1,-1
150,2,301,6,13,39,-1,-1,-1,-1
150,3,311,105,26,56,-1,-1,-1,-1
150,6,397,268,28,51,-1,-1,-1,-1
150,8,352,0,13,28,-1,-1,-1,-1
150,15,186,39,11,29,-1,-1,-1,-1
150,16,85,106,24,64,-1,-1,-1,-1
150,20,353,256,42,63,-1,-1,-1,-1
150,26,6,111,21,60,-1,-1,-1,-1
151,1,315,14,13,31,-1,-1,-1,-1
151,2,301,6,14,39,-1,-1,-1,-1
151,3,312,104,26,58,-1,-1,-1,-1
151,6,398,272,27,47,-1,-1,-1,-1
151,8,352,0,13,28,-1,-1,-1,-1
151,15,186,39,11,29,-1,-1,-1,-1
151,16,86,106,23,64,-1,-1,-1,-1
151,20,353,255,41,64,-1,-1,-1,-1
151,26,8,108,20,62,-1,-1,-1,-1
152,1,316,14,13,30,-1,-1,-1,-1
152,2,302,6,14,39,-1,-1,-1,-1
152,3,313,103,25,55,-1,-1,-1,-1
152,6,397,273,27,46,-1,-1,-1,-1
152,8,351,0,13,28,-1,-1,-1,-1
152,15,186,39,11,29,-1,-1,-1,-1
152,16,86,105,23,64,-1,-1,-1,-1
152,20,354,253,41,66,-1,-1,-1,-1
152,26,6,107,22,63,-1,-1,-1,-1
153,1,318,17,11,27,-1,-1,-1,-1
153,2,302,5,14,38,-1,-1,-1,-1
153,3,314,103,24,53,-1,-1,-1,-1
153,5,217,16,11,35,-1,-1,-1,-1
153,6,397,274,27,45,-1,-1,-1,-1
153,8,351,0,14,28,-1,-1,-1,-1
153,15,184,40,11,29,-1,-1,-1,-1
153,16,87,105,23,63,-1,-1,-1,-1
153,20,355,253,40,66,-1,-1,-1,-1
153,26,8,110,21,59,-1,-1,-1,-1
154,1,316,11,14,33,-1,-1,-1,-1
154,2,302,4,13,39,-1,-1,-1,-1
154,3,314,102,23,52,-1,-1,-1,-1
154,5,218,17,11,33,-1,-1,-1,-1
154,6,397,276,26,43,-1,-1,-1,-1
154,8,351,0,13,29,-1,-1,-1,-1
154,15,183,40,11,30,-1,-1,-1,-1
154,16,87,105,23,62,-1,-1,-1,-1
154,20,355,253,40,66,-1,-1,-1,-1
154,26,11,113,19,55,-1,-1,-1,-1
155,1,317,11,13,33,-1,-1,-1,-1
155,2,303,3,13,39,-1,-1,-1,-1
155,3,313,102,24,54,-1,-1,-1,-1
155,5,219,15,11,33,-1,-1,-1,-1
155,6,395,277,26,42,-1,-1,-1,-1
155,8,350,0,14,29,-1,-1,-1,-1
155,15,182,40,12,33,-1,-1,-1,-1
155,16,89,104,22,62,-1,-1,-1,-1
155,20,357,251,39,68,-1,-1,-1,-1
155,26,12,110,20,57,-1,-1,-1,-1
156,2,303,3,13,38,-1,-1,-1,-1
156,3,313,102,24,55,-1,-1,-1,-1
156,5,220,16,11,32,-1,-1,-1,-1
156,6,394,278,27,41,-1,-1,-1,-1
156,8,350,0,14,30,-1,-1,-1,-1
156,15,182,40,12,33,-1,-1,-1,-1
156,16,90,104,22,59,-1,-1,-1,-1
156,20,357,251,39,68,-1,-1,-1,-1
156,26,13,106,22,61,-1,-1,-1,-1
157,2,303,4,14,39,-1,-1,-1,-1
157,3,313,101,24,54,-1,-1,-1,-1
157,5,220,17,12,31,-1,-1,-1,-1
157,6,393,279,27,40,-1,-1,-1,-1
157,8,349,0,15,31,-1,-1,-1,-1
157,15,182,41,12,33,-1,-1,-1,-1
157,16,90,103,22,58,-1,-1,-1,-1
157,20,358,250,39,69,-1,-1,-1,-1
157,26,14,106,22,60,-1,-1,-1,-1
158,2,306,4,14,40,-1,-1,-1,-1
158,3,313,99,24,56,-1,-1,-1,-1
158,5,222,18,11,31,-1,-1,-1,-1
158,6,393,279,27,40,-1,-1,-1,-1
158,8,350,0,15,31,-1,-1,-1,-1
158,15,181,42,12,33,-1,-1,-1,-1
158,16,91,102,21,58,-1,-1,-1,-1
158,20,358,249,39,70,-1,-1,-1,-1
158,26,15,105,21,59,-1,-1,-1,-1
159,1,320,12,14,32,-1,-1,-1,-1
159,2,305,5,13,38,-1,-1,-1,-1
159,3,314,98,24,56,-1,-1,-1,-1
159,5,221,17,12,32,-1,-1,-1,-1
159,6,391,279,28,40,-1,-1,-1,-1
159,8,349,0,14,30,-1,-1,-1,-1
159,15,180,41,12,33,-1,-1,-1,-1
159,16,91,101,22,58,-1,-1,-1,-1
159,20,359,247,38,72,-1,-1,-1,-1
159,26,16,106,21,58,-1,-1,-1,-1
160,1,321,12,13,32,-1,-1,-1,-1
160,2,304,4,13,39,-1,-1,-1,-1
160,3,317,99,23,55,-1,-1,-1,-1
160,5,221,16,13,33,-1,-1,-1,-1
160,6,391,282,27,37,-1,-1,-1,-1
160,8,350,0,14,31,-1,-1,-1,-1
160,15,178,42,12,32,-1,-1,-1,-1
160,16,92,101,22,59,-1,-1,-1,-1
160,20,358,244,39,75,-1,-1,-1,-1
160,26,18,105,22,59,-1,-1,-1,-1
161,2,304,4,13,38,-1,-1,-1,-1
161,3,316,98,24,55,-1,-1,-1,-1
161,5,222,15,12,33,-1,-1,-1,-1
161,6,391,286,25,33,-1,-1,-1,-1
161,8,349,0,14,32,-1,-1,-1,-1
161,15,176,42,13,33,-1,-1,-1,-1
161,16,93,100,21,59,-1,-1,-1,-1
161,20,358,243,39,76,-1,-1,-1,-1
161,26,20,105,22,59,-1,-1,-1,-1
162,2,304,4,14,37,-1,-1,-1,-1
162,3,317,98,23,53,-1,-1,-1,-1
162,5,221,14,13,34,-1,-1,-1,-1
162,6,391,287,26,32,-1,-1,-1,-1
162,8,349,0,14,32,-1,-1,-1,-1
162,15,176,43,12,34,-1,-1,-1,-1
162,16,94,99,22,60,-1,-1,-1,-1
162,20,359,242,38,77,-1,-1,-1,-1
162,26,20,105,23,59,-1,-1,-1,-1
163,2,305,4,13,38,-1,-1,-1,-1
163,3,317,97,23,54,-1,-1,-1,-1
163,5,222,14,12,34,-1,-1,-1,-1
163,6,391,289,25,30,-1,-1,-1,-1
163,8,350,0,14,31,-1,-1,-1,-1
163,15,175,43,13,35,-1,-1,-1,-1
163,16,95,99,23,60,-1,-1,-1,-1
163,20,359,239,39,80,-1,-1,-1,-1
163,26,22,106,23,59,-1,-1,-1,-1
164,1,323,15,11,28,-1,-1,-1,-1
164,2,306,4,14,39,-1,-1,-1,-1
164,3,318,98,22,52,-1,-1,-1,-1
164,5,222,15,13,32,-1,-1,-1,-1
164,6,391,291,24,28,-1,-1,-1,-1
164,8,350,0,14,32,-1,-1,-1,-1
164,15,174,42,13,35,-1,-1,-1,-1
164,16,96,98,22,61,-1,-1,-1,-1
164,20,361,239,38,80,-1,-1,-1,-1
164,26,23,107,22,57,-1,-1,-1,-1
165,1,323,16,12,27,-1,-1,-1,-1
165,2,306,4,13,38,-1,-1,-1,-1
165,3,319,99,21,51,-1,-1,-1,-1
165,5,223,14,13,34,-1,-1,-1,-1
165,6,391,294,23,25,-1,-1,-1,-1
165,8,350,0,14,32,-1,-1,-1,-1
165,15,174,42,12,35,-1,-1,-1,-1
165,16,96,98,23,60,-1,-1,-1,-1
165,20,361,237,38,82,-1,-1,-1,-1
165,26,25,106,22,56,-1,-1,-1,-1
166,2,306,4,13,37,-1,-1,-1,-1
166,3,319,97,22,52,-1,-1,-1,-1
166,5,223,14,13,34,-1,-1,-1,-1
166,6,390,295,23,24,-1,-1,-1,-1
166,8,349,0,15,33,-1,-1,-1,-1
166,15,173,42,13,36,-1,-1,-1,-1
166,16,97,98,23,59,-1,-1,-1,-1
166,20,361,238,37,81,-1,-1,-1,-1
166,26,25,105,22,57,-1,-1,-1,-1
167,1,324,16,11,26,-1,-1,-1,-1
167,2,307,4,12,37,-1,-1,-1,-1
167,3,320,96,22,54,-1,-1,-1,-1
167,6,391,297,22,22,-1,-1,-1,-1
167,8,349,0,13,31,-1,-1,-1,-1
167,15,172,43,13,36,-1,-1,-1,-1
167,16,98,97,22,61,-1,-1,-1,-1
167,20,362,238,36,81,-1,-1,-1,-1
167,26,26,104,22,56,-1,-1,-1,-1
168,1,324,14,12,27,-1,-1,-1,-1
168,2,307,4,12,36,-1,-1,-1,-1
168,3,320,97,21,51,-1,-1,-1,-1
168,6,392,299,21,20,-1,-1,-1,-1
168,8,348,0,14,31,-1,-1,-1,-1
168,15,172,44,12,36,-1,-1,-1,-1
168,16,98,97,22,59,-1,-1,-1,-1
168,20,362,236,37,83,-1,-1,-1,-1
168,26,28,104,21,56,-1,-1,-1,-1
169,1,324,15,11,26,-1,-1,-1,-1
169,2,308,4,12,36,-1,-1,-1,-1
169,3,320,97,21,50,-1,-1,-1,-1
169,6,392,300,21,19,-1,-1,-1,-1
169,8,350,0,13,30,-1,-1,-1,-1
169,15,170,44,13,37,-1,-1,-1,-1
169,16,99,97,22,59,-1,-1,-1,-1
169,20,363,235,37,84,-1,-1,-1,-1
169,26,29,104,22,57,-1,-1,-1,-1
170,1,324,17,11,25,-1,-1,-1,-1
170,2,309,4,12,35,-1,-1,-1,-1
170,3,319,95,22,52,-1,-1,-1,-1
170,6,390,300,21,19,-1,-1,-1,-1
170,8,350,0,13,30,-1,-1,-1,-1
170,15,170,44,13,36,-1,-1,-1,-1
170,16,100,97,21,58,-1,-1,-1,-1
170,20,364,234,37,85,-1,-1,-1,-1
170,26,29,97,23,63,-1,-1,-1,-1
171,1,325,18,10,24,-1,-1,-1,-1
171,2,309,4,12,35,-1,-1,-1,-1
171,3,320,94,22,51,-1,-1,-1,-1
171,6,389,301,21,18,-1,-1,-1,-1
171,8,348,0,14,31,-1,-1,-1,-1
171,15,168,42,14,38,-1,-1,-1,-1
171,16,101,97,21,57,-1,-1,-1,-1
171,20,365,234,36,85,-1,-1,-1,-1
171,26,30,98,23,61,-1,-1,-1,-1
172,1,325,18,11,23,-1,-1,-1,-1
172,2,310,3,12,36,-1,-1,-1,-1
172,3,321,93,22,53,-1,-1,-1,-1
172,6,390,303,19,16,-1,-1,-1,-1
172,8,349,0,14,33,-1,-1,-1,-1
172,15,167,43,14,38,-1,-1,-1,-1
172,16,102,95,21,56,-1,-1,-1,-1
172,20,365,232,37,87,-1,-1,-1,-1
172,26,30,96,23,62,-1,-1,-1,-1
173,1,326,18,10,23,-1,-1,-1,-1
173,2,309,3,13,37,-1,-1,-1,-1
173,3,320,92,23,55,-1,-1,-1,-1
173,8,348,0,14,33,-1,-1,-1,-1
173,15,166,42,14,40,-1,-1,-1,-1
173,16,103,94,20,56,-1,-1,-1,-1
173,20,367,231,35,86,-1,-1,-1,-1
173,26,32,96,22,61,-1,-1,-1,-1
174,2,310,3,12,36,-1,-1,-1,-1
174,3,321,92,22,55,-1,-1,-1,-1
174,8,347,0,14,33,-1,-1,-1,-1
174,15,165,43,14,38,-1,-1,-1,-1
174,16,104,93,21,57,-1,-1,-1,-1
174,20,368,230,34,83,-1,-1,-1,-1
174,26,35,103,19,52,-1,-1,-1,-1
175,2,311,4,12,34,-1,-1,-1,-1
175,3,322,92,22,55,-1,-1,-1,-1
175,15,165,45,14,37,-1,-1,-1,-1
175,16,104,92,21,57,-1,-1,-1,-1
175,20,370,229,33,81,-1,-1,-1,-1
175,26,36,102,19,52,-1,-1,-1,-1
176,1,326,10,13,30,-1,-1,-1,-1
176,2,311,4,12,35,-1,-1,-1,-1
176,3,321,92,22,54,-1,-1,-1,-1
176,5,230,12,12,33,-1,-1,-1,-1
176,15,164,43,14,39,-1,-1,-1,-1
176,16,104,91,21,57,-1,-1,-1,-1
176,20,369,228,34,83,-1,-1,-1,-1
176,26,37,103,19,51,-1,-1,-1,-1
177,1,326,10,13,29,-1,-1,-1,-1
177,2,312,3,11,33,-1,-1,-1,-1
177,3,322,91,21,53,-1,-1,-1,-1
177,5,231,12,12,33,-1,-1,-1,-1
177,8,347,0,14,33,-1,-1,-1,-1
177,15,163,44,13,38,-1,-1,-1,-1
177,16,105,91,21,58,-1,-1,-1,-1
177,20,371,226,33,84,-1,-1,-1,-1
177,26,39,102,19,52,-1,-1,-1,-1
178,1,327,3,15,34,-1,-1,-1,-1
178,2,311,3,12,34,-1,-1,-1,-1
178,3,322,91,20,50,-1,-1,-1,-1
178,8,346,0,15,34,-1,-1,-1,-1
178,15,160,44,15,40,-1,-1,-1,-1
178,16,106,91,20,56,-1,-1,-1,-1
178,20,373,225,33,85,-1,-1,-1,-1
178,26,39,102,20,53,-1,-1,-1,-1
179,1,326,2,16,36,-1,-1,-1,-1
179,2,312,2,12,35,-1,-1,-1,-1
179,3,320,91,22,52,-1,-1,-1,-1
179,8,347,2,14,32,-1,-1,-1,-1
179,15,159,45,15,41,-1,-1,-1,-1
179,16,106,92,21,57,-1,-1,-1,-1
179,20,374,223,32,85,-1,-1,-1,-1
179,26,41,101,20,54,-1,-1,-1,-1
180,1,325,1,15,37,-1,-1,-1,-1
180,2,312,0,13,37,-1,-1,-1,-1
180,3,324,90,22,51,-1,-1,-1,-1
180,5,231,7,13,33,-1,-1,-1,-1
180,8,347,2,14,32,-1,-1,-1,-1
180,15,158,44,15,43,-1,-1,-1,-1
180,16,107,92,20,55,-1,-1,-1,-1
180,20,375,223,32,85,-1,-1,-1,-1
180,26,42,101,20,53,-1,-1,-1,-1
181,1,325,0,16,37,-1,-1,-1,-1
181,2,314,0,13,36,-1,-1,-1,-1
181,3,325,89,22,53,-1,-1,-1,-1
181,5,232,7,13,33,-1,-1,-1,-1
181,8,347,2,14,32,-1,-1,-1,-1
181,15,157,45,16,43,-1,-1,-1,-1
181,16,107,90,22,58,-1,-1,-1,-1
181,20,376,223,31,85,-1,-1,-1,-1
181,26,43,98,20,54,-1,-1,-1,-1
182,2,314,0,12,35,-1,-1,-1,-1
182,3,327,87,20,52,-1,-1,-1,-1
182,5,232,7,13,35,-1,-1,-1,-1
182,8,347,3,14,32,-1,-1,-1,-1
182,15,158,46,14,42,-1,-1,-1,-1
182,16,108,90,21,57,-1,-1,-1,-1
182,20,376,222,31,86,-1,-1,-1,-1
182,26,44,97,21,55,-1,-1,-1,-1
183,2,314,0,12,34,-1,-1,-1,-1
183,3,327,87,21,51,-1,-1,-1,-1
183,5,232,7,13,35,-1,-1,-1,-1
183,15,157,46,14,41,-1,-1,-1,-1
183,16,109,90,21,56,-1,-1,-1,-1
183,20,377,221,30,86,-1,-1,-1,-1
183,26,45,96,21,55,-1,-1,-1,-1
184,2,315,0,12,34,-1,-1,-1,-1
184,3,329,86,19,50,-1,-1,-1,-1
184,5,233,7,13,35,-1,-1,-1,-1
184,8,346,2,14,32,-1,-1,-1,-1
184,15,155,47,15,41,-1,-1,-1,-1
184,16,110,89,21,57,-1,-1,-1,-1
184,20,377,219,31,87,-1,-1,-1,-1
184,26,46,96,20,53,-1,-1,-1,-1
185,2,315,0,12,32,-1,-1,-1,-1
185,3,330,86,19,49,-1,-1,-1,-1
185,5,232,7,14,34,-1,-1,-1,-1
185,8,346,2,14,32,-1,-1,-1,-1
185,15,154,46,15,43,-1,-1,-1,-1
185,16,110,88,21,56,-1,-1,-1,-1
185,20,378,219,30,86,-1,-1,-1,-1
185,26,48,97,19,51,-1,-1,-1,-1
186,2,314,0,12,33,-1,-1,-1,-1
186,3,330,86,19,48,-1,-1,-1,-1
186,5,233,6,13,35,-1,-1,-1,-1
186,15,154,46,14,43,-1,-1,-1,-1
186,16,111,86,21,57,-1,-1,-1,-1
186,20,379,217,29,84,-1,-1,-1,-1
186,26,50,94,20,54,-1,-1,-1,-1
187,1,330,0,16,35,-1,-1,-1,-1
187,2,315,0,12,32,-1,-1,-1,-1
187,3,330,86,19,49,-1,-1,-1,-1
187,5,233,6,14,36,-1,-1,-1,-1
187,15,153,47,14,42,-1,-1,-1,-1
187,16,111,86,20,56,-1,-1,-1,-1
187,20,380,217,29,83,-1,-1,-1,-1
187,26,51,93,21,57,-1,-1,-1,-1
188,1,330,0,16,35,-1,-1,-1,-1
188,2,316,0,12,32,-1,-1,-1,-1
188,3,330,86,18,46,-1,-1,-1,-1
188,5,234,5,14,36,-1,-1,-1,-1
188,15,152,47,14,42,-1,-1,-1,-1
188,16,111,85,21,56,-1,-1,-1,-1
188,20,379,214,30,84,-1,-1,-1,-1
188,26,52,94,21,56,-1,-1,-1,-1
188,33,215,288,33,31,-1,-1,-1,-1
189,2,317,0,12,32,-1,-1,-1,-1
189,3,330,85,18,48,-1,-1,-1,-1
189,5,234,4,14,37,-1,-1,-1,-1
189,15,152,47,14,42,-1,-1,-1,-1
189,16,111,84,21,56,-1,-1,-1,-1
189,20,379,212,29,85,-1,-1,-1,-1
189,26,53,92,23,58,-1,-1,-1,-1
189,33,216,283,36,36,-1,-1,-1,-1
189,35,292,0,9,14,-1,-1,-1,-1
190,2,316,0,12,32,-1,-1,-1,-1
190,3,329,85,19,48,-1,-1,-1,-1
190,5,235,3,14,36,-1,-1,-1,-1
190,15,151,49,14,40,-1,-1,-1,-1
190,16,112,84,21,57,-1,-1,-1,-1
190,20,380,211,30,85,-1,-1,-1,-1
190,26,54,90,22,58,-1,-1,-1,-1
190,33,218,282,37,37,-1,-1,-1,-1
190,35,292,0,10,15,-1,-1,-1,-1
191,2,316,0,13,32,-1,-1,-1,-1
191,3,329,84,19,49,-1,-1,-1,-1
191,5,236,2,14,37,-1,-1,-1,-1
191,15,151,49,14,41,-1,-1,-1,-1
191,16,112,83,21,57,-1,-1,-1,-1
191,20,381,209,29,85,-1,-1,-1,-1
191,26,52,84,25,65,-1,-1,-1,-1
191,33,219,280,39,39,-1,-1,-1,-1
191,35,292,0,10,15,-1,-1,-1,-1
192,2,317,0,12,31,-1,-1,-1,-1
192,3,329,84,20,49,-1,-1,-1,-1
192,5,236,2,14,38,-1,-1,-1,-1
192,15,150,49,14,41,-1,-1,-1,-1
192,16,113,83,21,57,-1,-1,-1,-1
192,20,382,209,28,83,-1,-1,-1,-1
192,26,54,89,23,59,-1,-1,-1,-1
192,33,221,279,40,40,-1,-1,-1,-1
193,2,318,0,12,32,-1,-1,-1,-1
193,3,330,83,20,50,-1,-1,-1,-1
193,5,237,4,13,35,-1,-1,-1,-1
193,15,148,50,15,41,-1,-1,-1,-1
193,16,113,83,22,58,-1,-1,-1,-1
193,20,382,210,27,82,-1,-1,-1,-1
193,26,55,90,23,58,-1,-1,-1,-1
193,33,223,277,40,42,-1,-1,-1,-1
193,35,293,0,9,14,-1,-1,-1,-1
194,2,319,0,11,31,-1,-1,-1,-1
194,3,329,82,21,51,-1,-1,-1,-1
194,5,237,4,14,36,-1,-1,-1,-1
194,15,147,50,15,43,-1,-1,-1,-1
194,16,114,82,21,59,-1,-1,-1,-1
194,20,384,209,27,82,-1,-1,-1,-1
194,26,56,85,24,61,-1,-1,-1,-1
194,33,226,277,40,42,-1,-1,-1,-1
194,35,292,0,9,15,-1,-1,-1,-1
194,36,1,170,24,70,-1,-1,-1,-1
195,2,320,0,11,32,-1,-1,-1,-1
195,3,329,82,21,51,-1,-1,-1,-1
195,5,237,1,13,38,-1,-1,-1,-1
195,15,146,52,15,41,-1,-1,-1,-1
195,16,114,81,22,60,-1,-1,-1,-1
195,20,384,208,28,84,-1,-1,-1,-1
195,26,57,89,22,56,-1,-1,-1,-1
195,33,228,277,40,42,-1,-1,-1,-1
195,35,291,0,10,15,-1,-1,-1,-1
195,36,0,169,25,70,-1,-1,-1,-1
196,2,320,0,11,32,-1,-1,-1,-1
196,3,331,80,21,52,-1,-1,-1,-1
196,5,237,1,14,38,-1,-1,-1,-1
196,15,144,52,15,41,-1,-1,-1,-1
196,16,115,82,21,57,-1,-1,-1,-1
196,20,386,208,27,80,-1,-1,-1,-1
196,26,58,91,21,53,-1,-1,-1,-1
196,33,230,273,42,46,-1,-1,-1,-1
196,35,290,0,10,16,-1,-1,-1,-1
196,36,0,167,23,71,-1,-1,-1,-1
197,2,321,0,11,32,-1,-1,-1,-1
197,3,333,80,20,50,-1,-1,-1,-1
197,5,239,2,13,37,-1,-1,-1,-1
197,15,144,53,14,40,-1,-1,-1,-1
197,16,116,82,21,57,-1,-1,-1,-1
197,20,386,208,28,81,-1,-1,-1,-1
197,26,58,92,21,52,-1,-1,-1,-1
197,33,234,274,41,45,-1,-1,-1,-1
197,35,290,0,10,16,-1,-1,-1,-1
197,36,0,166,24,70,-1,-1,-1,-1
198,2,321,0,11,31,-1,-1,-1,-1
198,3,334,80,20,51,-1,-1,-1,-1
198,5,239,2,13,36,-1,-1,-1,-1
198,15,142,53,14,39,-1,-1,-1,-1
198,16,117,81,20,56,-1,-1,-1,-1
198,20,387,209,27,79,-1,-1,-1,-1
198,26,60,94,20,49,-1,-1,-1,-1
198,33,237,272,41,47,-1,-1,-1,-1
198,36,1,165,23,69,-1,-1,-1,-1
199,2,321,0,11,32,-1,-1,-1,-1
199,3,334,79,20,51,-1,-1,-1,-1
199,5,241,4,12,34,-1,-1,-1,-1
199,15,141,54,14,40,-1,-1,-1,-1
199,16,118,80,20,55,-1,-1,-1,-1
199,20,387,207,28,80,-1,-1,-1,-1
199,26,62,95,19,47,-1,-1,-1,-1
199,33,238,268,44,51,-1,-1,-1,-1
199,36,2,163,24,70,-1,-1,-1,-1
200,2,321,0,11,30,-1,-1,-1,-1
200,3,334,80,20,51,-1,-1,-1,-1
200,5,242,4,12,34,-1,-1,-1,-1
200,15,140,53,15,41,-1,-1,-1,-1
200,16,118,80,20,55,-1,-1,-1,-1
200,20,388,206,27,79,-1,-1,-1,-1
200,26,63,95,20,47,-1,-1,-1,-1
200,33,240,266,44,53,-1,-1,-1,-1
200,36,4,163,24,71,-1,-1,-1,-1
201,2,321,0,10,30,-1,-1,-1,-1
201,3,334,80,20,50,-1,-1,-1,-1
201,5,241,8,11,30,-1,-1,-1,-1
201,15,139,54,14,41,-1,-1,-1,-1
201,16,118,78,20,55,-1,-1,-1,-1
201,20,390,204,27,78,-1,-1,-1,-1
201,26,64,94,20,48,-1,-1,-1,-1
201,33,241,263,46,56,-1,-1,-1,-1
201,36,6,162,25,72,-1,-1,-1,-1
202,2,321,0,10,30,-1,-1,-1,-1
202,3,333,80,21,53,-1,-1,-1,-1
202,5,242,5,11,31,-1,-1,-1,-1
202,15,139,56,14,40,-1,-1,-1,-1
202,16,119,78,20,55,-1,-1,-1,-1
202,20,390,202,27,78,-1,-1,-1,-1
202,26,63,88,22,53,-1,-1,-1,-1
202,33,242,260,47,59,-1,-1,-1,-1
202,36,8,161,25,72,-1,-1,-1,-1
203,3,335,79,20,52,-1,-1,-1,-1
203,5,242,5,11,31,-1,-1,-1,-1
203,15,138,57,15,41,-1,-1,-1,-1
203,16,119,77,20,56,-1,-1,-1,-1
203,20,391,201,27,78,-1,-1,-1,-1
203,26,65,84,23,56,-1,-1,-1,-1
203,33,244,258,47,61,-1,-1,-1,-1
203,36,9,162,25,71,-1,-1,-1,-1
204,3,334,79,20,52,-1,-1,-1,-1
204,5,243,1,12,34,-1,-1,-1,-1
204,15,137,59,14,38,-1,-1,-1,-1
204,16,119,77,20,56,-1,-1,-1,-1
204,20,392,199,27,79,-1,-1,-1,-1
204,26,66,83,23,57,-1,-1,-1,-1
204,33,246,256,48,63,-1,-1,-1,-1
204,36,11,161,24,71,-1,-1,-1,-1
205,3,334,79,20,51,-1,-1,-1,-1
205,5,243,0,12,35,-1,-1,-1,-1
205,15,136,60,14,38,-1,-1,-1,-1
205,16,120,77,20,56,-1,-1,-1,-1
205,20,392,199,27,79,-1,-1,-1,-1
205,26,69,85,22,55,-1,-1,-1,-1
205,33,248,255,48,64,-1,-1,-1,-1
205,36,12,161,24,69,-1,-1,-1,-1
206,2,324,0,10,29,-1,-1,-1,-1
206,3,335,77,20,51,-1,-1,-1,-1
206,5,244,2,12,32,-1,-1,-1,-1
206,16,120,77,20,56,-1,-1,-1,-1
206,20,393,199,27,78,-1,-1,-1,-1
206,26,70,86,21,53,-1,-1,-1,-1
206,33,250,254,48,65,-1,-1,-1,-1
206,35,289,0,11,18,-1,-1,-1,-1
206,36,14,159,24,70,-1,-1,-1,-1
207,2,325,0,9,29,-1,-1,-1,-1
207,3,336,78,20,49,-1,-1,-1,-1
207,5,244,1,12,34,-1,-1,-1,-1
207,15,134,61,13,37,-1,-1,-1,-1
207,16,120,77,21,56,-1,-1,-1,-1
207,20,393,199,28,79,-1,-1,-1,-1
207,26,70,86,21,52,-1,-1,-1,-1
207,33,253,254,47,65,-1,-1,-1,-1
207,35,289,0,11,18,-1,-1,-1,-1
207,36,16,159,24,68,-1,-1,-1,-1
208,3,336,78,20,48,-1,-1,-1,-1
208,5,244,2,11,32,-1,-1,-1,-1
208,15,133,62,13,34,-1,-1,-1,-1
208,16,120,76,21,57,-1,-1,-1,-1
208,20,394,198,28,82,-1,-1,-1,-1
208,26,70,84,22,55,-1,-1,-1,-1
208,33,256,252,47,67,-1,-1,-1,-1
208,36,18,157,23,67,-1,-1,-1,-1
209,3,336,77,20,48,-1,-1,-1,-1
209,5,245,2,11,32,-1,-1,-1,-1
209,15,134,64,12,34,-1,-1,-1,-1
209,16,121,76,20,57,-1,-1,-1,-1
209,20,394,197,28,80,-1,-1,-1,-1
209,26,71,83,23,56,-1,-1,-1,-1
209,33,257,249,47,70,-1,-1,-1,-1
209,35,289,0,10,16,-1,-1,-1,-1
209,36,18,155,23,68,-1,-1,-1,-1
210,3,337,78,19,46,-1,-1,-1,-1
210,5,246,2,11,32,-1,-1,-1,-1
210,15,133,65,12,33,-1,-1,-1,-1
210,16,122,75,21,57,-1,-1,-1,-1
210,20,396,196,27,81,-1,-1,-1,-1
210,26,73,84,21,53,-1,-1,-1,-1
210,33,259,247,48,72,-1,-1,-1,-1
210,35,289,0,10,16,-1,-1,-1,-1
210,36,20,154,23,68,-1,-1,-1,-1
211,3,336,76,20,47,-1,-1,-1,-1
211,16,122,75,21,57,-1,-1,-1,-1
211,20,397,196,27,80,-1,-1,-1,-1
211,26,74,83,21,52,-1,-1,-1,-1
211,33,259,245,48,74,-1,-1,-1,-1
211,36,21,153,23,66,-1,-1,-1,-1
212,3,337,76,18,44,-1,-1,-1,-1
212,5,247,0,12,33,-1,-1,-1,-1
212,16,123,73,20,56,-1,-1,-1,-1
212,20,397,194,28,81,-1,-1,-1,-1
212,26,76,83,20,51,-1,-1,-1,-1
212,33,260,243,48,76,-1,-1,-1,-1
212,36,23,152,23,67,-1,-1,-1,-1
212,37,1,202,23,66,-1,-1,-1,-1
213,3,337,76,19,44,-1,-1,-1,-1
213,5,248,0,11,33,-1,-1,-1,-1
213,16,123,74,19,53,-1,-1,-1,-1
213,20,398,194,27,78,-1,-1,-1,-1
213,26,77,86,20,50,-1,-1,-1,-1
213,33,262,240,48,79,-1,-1,-1,-1
213,36,25,152,23,67,-1,-1,-1,-1
213,37,1,201,25,69,-1,-1,-1,-1
214,3,337,74,20,47,-1,-1,-1,-1
214,5,247,1,12,33,-1,-1,-1,-1
214,16,122,72,20,56,-1,-1,-1,-1
214,20,399,192,26,78,-1,-1,-1,-1
214,26,77,81,23,55,-1,-1,-1,-1
214,33,264,237,48,82,-1,-1,-1,-1
214,36,27,151,24,68,-1,-1,-1,-1
214,37,3,201,24,66,-1,-1,-1,-1
215,3,337,75,21,46,-1,-1,-1,-1
215,5,248,0,12,34,-1,-1,-1,-1
215,16,122,71,20,55,-1,-1,-1,-1
215,20,399,191,26,77,-1,-1,-1,-1
215,26,79,83,21,53,-1,-1,-1,-1
215,33,265,234,48,85,-1,-1,-1,-1
215,36,28,151,25,68,-1,-1,-1,-1
215,37,5,199,23,66,-1,-1,-1,-1
216,3,338,74,20,46,-1,-1,-1,-1
216,5,248,0,12,35,-1,-1,-1,-1
216,16,122,70,20,56,-1,-1,-1,-1
216,20,399,191,27,77,-1,-1,-1,-1
216,26,81,84,21,51,-1,-1,-1,-1
216,33,267,233,47,86,-1,-1,-1,-1
216,36,30,150,25,66,-1,-1,-1,-1
216,37,7,197,23,65,-1,-1,-1,-1
217,5,248,0,13,35,-1,-1,-1,-1
217,16,123,70,20,55,-1,-1,-1,-1
217,20,400,190,26,77,-1,-1,-1,-1
217,26,81,85,21,50,-1,-1,-1,-1
217,33,269,233,46,86,-1,-1,-1,-1
217,36,29,150,25,66,-1,-1,-1,-1
217,37,7,197,22,63,-1,-1,-1,-1
218,3,338,74,21,48,-1,-1,-1,-1
218,5,249,0,12,34,-1,-1,-1,-1
218,16,123,71,20,55,-1,-1,-1,-1
218,20,401,190,26,77,-1,-1,-1,-1
218,26,81,81,23,55,-1,-1,-1,-1
218,33,270,232,46,87,-1,-1,-1,-1
218,36,29,150,25,66,-1,-1,-1,-1
218,37,8,196,22,64,-1,-1,-1,-1
219,3,338,73,21,48,-1,-1,-1,-1
219,5,249,0,12,33,-1,-1,-1,-1
219,16,123,70,20,56,-1,-1,-1,-1
219,20,401,190,27,76,-1,-1,-1,-1
219,26,81,72,26,62,-1,-1,-1,-1
219,33,272,233,44,86,-1,-1,-1,-1
219,35,289,0,11,18,-1,-1,-1,-1
219,36,30,149,25,65,-1,-1,-1,-1
219,37,9,195,23,64,-1,-1,-1,-1
220,3,338,74,21,48,-1,-1,-1,-1
220,5,248,0,13,34,-1,-1,-1,-1
220,16,124,72,19,54,-1,-1,-1,-1
220,20,402,189,26,75,-1,-1,-1,-1
220,26,82,77,24,56,-1,-1,-1,-1
220,33,275,234,42,85,-1,-1,-1,-1
220,35,288,0,12,18,-1,-1,-1,-1
220,36,31,148,24,64,-1,-1,-1,-1
220,37,10,194,24,64,-1,-1,-1,-1
221,3,339,74,20,47,-1,-1,-1,-1
221,5,248,0,13,34,-1,-1,-1,-1
221,16,125,71,19,54,-1,-1,-1,-1
221,20,402,190,27,76,-1,-1,-1,-1
221,26,82,74,24,58,-1,-1,-1,-1
221,33,277,232,42,86,-1,-1,-1,-1
221,35,288,0,12,19,-1,-1,-1,-1
221,36,31,146,24,63,-1,-1,-1,-1
221,40,446,77,23,45,-1,-1,-1,-1
222,3,339,73,20,47,-1,-1,-1,-1
222,16,124,71,20,54,-1,-1,-1,-1
222,20,404,189,27,77,-1,-1,-1,-1
222,26,86,78,22,54,-1,-1,-1,-1
222,33,281,229,43,90,-1,-1,-1,-1
222,35,289,0,12,19,-1,-1,-1,-1
222,36,32,144,25,67,-1,-1,-1,-1
222,37,18,192,24,66,-1,-1,-1,-1
222,40,445,77,24,48,-1,-1,-1,-1
223,3,340,74,20,46,-1,-1,-1,-1
223,16,124,72,19,53,-1,-1,-1,-1
223,20,404,188,27,77,-1,-1,-1,-1
223,26,87,79,22,53,-1,-1,-1,-1
223,33,281,226,44,93,-1,-1,-1,-1
223,35,288,0,12,20,-1,-1,-1,-1
223,36,33,144,25,67,-1,-1,-1,-1
223,37,20,193,25,64,-1,-1,-1,-1
224,3,341,74,20,45,-1,-1,-1,-1
224,5,250,0,11,31,-1,-1,-1,-1
224,16,126,71,18,50,-1,-1,-1,-1
224,20,405,188,27,76,-1,-1,-1,-1
224,26,89,82,20,52,-1,-1,-1,-1
224,33,284,225,44,94,-1,-1,-1,-1
224,35,288,0,12,21,-1,-1,-1,-1
224,36,34,143,25,68,-1,-1,-1,-1
224,37,21,193,25,64,-1,-1,-1,-1
224,40,444,78,23,45,-1,-1,-1,-1
225,3,340,71,21,47,-1,-1,-1,-1
225,5,250,0,12,31,-1,-1,-1,-1
225,16,127,70,18,50,-1,-1,-1,-1
225,20,407,186,26,75,-1,-1,-1,-1
225,26,90,80,18,45,-1,-1,-1,-1
225,33,286,223,44,96,-1,-1,-1,-1
225,36,35,143,25,67,-1,-1,-1,-1
225,37,23,192,25,64,-1,-1,-1,-1
225,40,444,80,22,42,-1,-1,-1,-1
226,3,341,71,20,46,-1,-1,-1,-1
226,16,126,70,18,47,-1,-1,-1,-1
226,20,408,184,27,74,-1,-1,-1,-1
226,26,91,79,19,48,-1,-1,-1,-1
226,33,288,220,43,97,-1,-1,-1,-1
226,36,37,143,25,67,-1,-1,-1,-1
226,37,24,191,25,65,-1,-1,-1,-1
226,40,444,81,21,40,-1,-1,-1,-1
227,3,342,70,20,46,-1,-1,-1,-1
227,15,113,65,16,43,-1,-1,-1,-1
227,16,127,68,18,48,-1,-1,-1,-1
227,20,410,184,26,72,-1,-1,-1,-1
227,26,91,78,20,50,-1,-1,-1,-1
227,33,290,217,44,98,-1,-1,-1,-1
227,36,39,142,24,68,-1,-1,-1,-1
227,37,25,189,26,67,-1,-1,-1,-1
227,40,444,81,20,41,-1,-1,-1,-1
228,3,343,69,20,48,-1,-1,-1,-1
228,8,453,57,14,31,-1,-1,-1,-1
228,15,112,65,16,43,-1,-1,-1,-1
228,16,127,68,19,50,-1,-1,-1,-1
228,20,410,183,26,72,-1,-1,-1,-1
228,26,93,81,19,46,-1,-1,-1,-1
228,33,292,215,43,99,-1,-1,-1,-1
228,36,41,142,23,66,-1,-1,-1,-1
228,37,27,187,25,68,-1,-1,-1,-1
228,40,444,80,22,43,-1,-1,-1,-1
229,3,345,68,20,47,-1,-1,-1,-1
229,6,334,295,28,24,-1,-1,-1,-1
229,8,456,58,14,31,-1,-1,-1,-1
229,15,112,65,17,43,-1,-1,-1,-1
229,16,128,67,19,51,-1,-1,-1,-1
229,20,412,181,26,74,-1,-1,-1,-1
229,26,94,79,20,48,-1,-1,-1,-1
229,33,294,215,42,98,-1,-1,-1,-1
229,36,42,141,24,66,-1,-1,-1,-1
229,37,30,185,25,69,-1,-1,-1,-1
229,40,444,80,22,44,-1,-1,-1,-1
230,3,344,69,20,47,-1,-1,-1,-1
230,6,335,293,29,26,-1,-1,-1,-1
230,15,111,65,17,43,-1,-1,-1,-1
230,16,128,66,20,52,-1,-1,-1,-1
230,20,412,180,27,75,-1,-1,-1,-1
230,26,95,79,19,46,-1,-1,-1,-1
230,33,296,216,41,97,-1,-1,-1,-1
230,36,43,140,24,64,-1,-1,-1,-1
230,37,32,186,25,68,-1,-1,-1,-1
231,3,344,69,20,46,-1,-1,-1,-1
231,6,335,292,30,27,-1,-1,-1,-1
231,15,109,64,18,44,-1,-1,-1,-1
231,16,128,64,19,54,-1,-1,-1,-1
231,20,412,179,27,76,-1,-1,-1,-1
231,26,95,80,20,48,-1,-1,-1,-1
231,33,297,216,41,97,-1,-1,-1,-1
231,36,45,139,23,62,-1,-1,-1,-1
231,37,35,187,24,66,-1,-1,-1,-1
231,40,443,82,21,41,-1,-1,-1,-1
232,3,345,69,19,46,-1,-1,-1,-1
232,6,337,291,31,28,-1,-1,-1,-1
232,15,107,64,18,45,-1,-1,-1,-1
232,16,128,64,20,55,-1,-1,-1,-1
232,20,413,179,26,75,-1,-1,-1,-1
232,26,98,81,16,37,-1,-1,-1,-1
232,33,298,216,41,96,-1,-1,-1,-1
232,36,45,138,23,63,-1,-1,-1,-1
232,37,37,186,24,67,-1,-1,-1,-1
232,40,442,83,21,41,-1,-1,-1,-1
233,3,346,69,20,46,-1,-1,-1,-1
233,6,339,290,33,29,-1,-1,-1,-1
233,15,106,64,18,46,-1,-1,-1,-1
233,16,129,65,20,54,-1,-1,-1,-1
233,20,414,180,26,74,-1,-1,-1,-1
233,26,99,80,19,44,-1,-1,-1,-1
233,33,300,214,41,96,-1,-1,-1,-1
233,36,47,137,23,63,-1,-1,-1,-1
233,37,39,187,24,66,-1,-1,-1,-1
233,40,442,84,21,41,-1,-1,-1,-1
234,3,347,69,19,45,-1,-1,-1,-1
234,6,341,287,36,32,-1,-1,-1,-1
234,8,453,59,14,30,-1,-1,-1,-1
234,16,129,65,20,54,-1,-1,-1,-1
234,20,414,179,26,76,-1,-1,-1,-1
234,26,98,74,22,52,-1,-1,-1,-1
234,33,301,212,40,96,-1,-1,-1,-1
234,36,48,136,22,64,-1,-1,-1,-1
234,37,41,185,24,67,-1,-1,-1,-1
234,40,442,85,21,41,-1,-1,-1,-1
235,2,326,11,12,34,-1,-1,-1,-1
235,3,347,68,19,45,-1,-1,-1,-1
235,6,341,286,38,33,-1,-1,-1,-1
235,8,454,60,14,29,-1,-1,-1,-1
235,16,130,65,19,53,-1,-1,-1,-1
235,20,414,178,27,76,-1,-1,-1,-1
235,26,99,74,21,51,-1,-1,-1,-1
235,33,303,209,39,92,-1,-1,-1,-1
235,35,283,0,15,24,-1,-1,-1,-1
235,36,49,135,22,64,-1,-1,-1,-1
235,37,44,188,23,63,-1,-1,-1,-1
235,40,441,84,21,42,-1,-1,-1,-1
236,2,325,11,13,35,-1,-1,-1,-1
236,3,348,67,19,45,-1,-1,-1,-1
236,6,342,285,40,34,-1,-1,-1,-1
236,16,130,65,19,54,-1,-1,-1,-1
236,20,415,178,26,75,-1,-1,-1,-1
236,26,99,68,24,58,-1,-1,-1,-1
236,33,305,206,37,90,-1,-1,-1,-1
236,35,283,0,15,25,-1,-1,-1,-1
236,36,49,133,23,65,-1,-1,-1,-1
236,37,46,187,23,63,-1,-1,-1,-1
236,40,440,85,21,41,-1,-1,-1,-1
237,2,325,11,13,35,-1,-1,-1,-1
237,3,347,65,20,48,-1,-1,-1,-1
237,6,344,283,42,36,-1,-1,-1,-1
237,8,452,60,14,28,-1,-1,-1,-1
237,16,130,64,20,54,-1,-1,-1,-1
237,20,416,177,26,75,-1,-1,-1,-1
237,26,100,69,22,55,-1,-1,-1,-1
237,33,304,202,39,96,-1,-1,-1,-1
237,36,52,133,22,62,-1,-1,-1,-1
237,37,47,187,23,62,-1,-1,-1,-1
238,2,324,10,13,35,-1,-1,-1,-1
238,3,347,63,21,51,-1,-1,-1,-1
238,6,344,280,46,39,-1,-1,-1,-1
238,8,451,61,15,27,-1,-1,-1,-1
238,16,131,64,19,51,-1,-1,-1,-1
238,20,417,176,25,74,-1,-1,-1,-1
238,26,102,70,19,49,-1,-1,-1,-1
238,33,305,199,40,99,-1,-1,-1,-1
238,36,53,133,23,61,-1,-1,-1,-1
238,37,49,187,22,61,-1,-1,-1,-1
238,40,441,86,20,40,-1,-1,-1,-1
239,2,325,10,14,36,-1,-1,-1,-1
239,3,347,63,21,49,-1,-1,-1,-1
239,6,345,278,48,41,-1,-1,-1,-1
239,8,451,61,15,29,-1,-1,-1,-1
239,16,133,64,18,49,-1,-1,-1,-1
239,20,418,175,25,73,-1,-1,-1,-1
239,26,102,74,18,42,-1,-1,-1,-1
239,33,308,204,36,93,-1,-1,-1,-1
239,36,55,134,22,59,-1,-1,-1,-1
239,37,50,185,22,61,-1,-1,-1,-1
239,40,440,86,21,41,-1,-1,-1,-1
240,2,324,11,13,37,-1,-1,-1,-1
240,3,348,64,20,47,-1,-1,-1,-1
240,6,345,277,49,42,-1,-1,-1,-1
240,8,450,63,16,28,-1,-1,-1,-1
240,16,133,61,18,51,-1,-1,-1,-1
240,20,418,174,25,73,-1,-1,-1,-1
240,26,104,74,19,47,-1,-1,-1,-1
240,33,309,203,36,93,-1,-1,-1,-1
240,36,55,134,22,57,-1,-1,-1,-1
240,37,51,184,22,61,-1,-1,-1,-1
240,40,440,86,21,41,-1,-1,-1,-1
241,2,323,11,14,37,-1,-1,-1,-1
241,3,348,64,20,47,-1,-1,-1,-1
241,5,258,0,9,26,-1,-1,-1,-1
241,6,345,275,50,44,-1,-1,-1,-1
241,8,449,63,16,29,-1,-1,-1,-1
241,16,133,62,18,50,-1,-1,-1,-1
241,20,420,173,24,72,-1,-1,-1,-1
241,26,105,75,21,49,-1,-1,-1,-1
241,36,56,133,21,56,-1,-1,-1,-1
241,37,54,183,22,61,-1,-1,-1,-1
242,2,322,10,14,38,-1,-1,-1,-1
242,3,349,64,19,46,-1,-1,-1,-1
242,5,258,0,10,26,-1,-1,-1,-1
242,6,344,274,51,45,-1,-1,-1,-1
242,8,449,64,17,29,-1,-1,-1,-1
242,16,134,61,18,51,-1,-1,-1,-1
242,20,420,171,25,73,-1,-1,-1,-1
242,26,107,75,20,48,-1,-1,-1,-1
242,36,58,134,20,54,-1,-1,-1,-1
242,37,57,180,23,64,-1,-1,-1,-1
243,2,322,11,14,36,-1,-1,-1,-1
243,3,349,64,19,44,-1,-1,-1,-1
243,6,345,274,49,45,-1,-1,-1,-1
243,8,449,65,15,27,-1,-1,-1,-1
243,15,97,74,15,41,-1,-1,-1,-1
243,16,134,61,19,51,-1,-1,-1,-1
243,20,420,171,25,72,-1,-1,-1,-1
243,26,107,73,21,50,-1,-1,-1,-1
243,36,58,131,22,56,-1,-1,-1,-1
243,37,60,182,22,62,-1,-1,-1,-1
244,2,322,11,14,37,-1,-1,-1,-1
244,3,349,64,19,43,-1,-1,-1,-1
244,5,258,0,11,26,-1,-1,-1,-1
244,6,345,272,50,47,-1,-1,-1,-1
244,8,449,65,15,28,-1,-1,-1,-1
244,15,95,72,17,47,-1,-1,-1,-1
244,16,135,62,18,48,-1,-1,-1,-1
244,20,420,171,25,72,-1,-1,-1,-1
244,26,109,72,21,50,-1,-1,-1,-1
244,36,58,128,23,59,-1,-1,-1,-1
244,37,61,182,23,61,-1,-1,-1,-1
245,2,322,11,14,37,-1,-1,-1,-1
245,3,350,65,19,43,-1,-1,-1,-1
245,5,259,0,11,26,-1,-1,-1,-1
245,6,346,271,49,48,-1,-1,-1,-1
245,8,447,65,15,27,-1,-1,-1,-1
245,15,94,72,17,46,-1,-1,-1,-1
245,16,137,64,17,47,-1,-1,-1,-1
245,20,420,170,26,73,-1,-1,-1,-1
245,26,110,71,21,51,-1,-1,-1,-1
245,36,59,127,22,59,-1,-1,-1,-1
245,37,63,182,24,61,-1,-1,-1,-1
246,2,322,12,14,36,-1,-1,-1,-1
246,3,350,63,20,46,-1,-1,-1,-1
246,5,259,0,12,26,-1,-1,-1,-1
246,6,348,270,49,49,-1,-1,-1,-1
246,8,448,65,15,28,-1,-1,-1,-1
246,15,95,80,13,36,-1,-1,-1,-1
246,16,137,64,17,48,-1,-1,-1,-1
246,20,421,170,25,72,-1,-1,-1,-1
246,26,111,71,20,50,-1,-1,-1,-1
246,33,315,198,35,88,-1,-1,-1,-1
246,35,281,0,14,24,-1,-1,-1,-1
246,36,60,126,22,59,-1,-1,-1,-1
246,37,57,146,36,95,-1,-1,-1,-1
246,40,440,90,19,38,-1,-1,-1,-1
247,2,321,10,15,38,-1,-1,-1,-1
247,3,351,64,19,44,-1,-1,-1,-1
247,6,349,269,50,50,-1,-1,-1,-1
247,8,448,65,15,28,-1,-1,-1,-1
247,15,93,82,13,35,-1,-1,-1,-1
247,16,137,63,17,49,-1,-1,-1,-1
247,20,422,170,25,71,-1,-1,-1,-1
247,26,111,71,20,50,-1,-1,-1,-1
247,33,316,196,35,89,-1,-1,-1,-1
247,35,281,0,14,24,-1,-1,-1,-1
247,37,62,163,30,78,-1,-1,-1,-1
247,40,439,89,20,40,-1,-1,-1,-1
248,2,321,11,14,38,-1,-1,-1,-1
248,3,350,63,20,46,-1,-1,-1,-1
248,6,350,267,50,52,-1,-1,-1,-1
248,8,447,66,17,29,-1,-1,-1,-1
248,15,93,82,12,35,-1,-1,-1,-1
248,16,137,64,17,46,-1,-1,-1,-1
248,20,422,169,25,71,-1,-1,-1,-1
248,26,113,71,19,49,-1,-1,-1,-1
248,33,317,191,36,91,-1,-1,-1,-1
248,36,63,125,20,52,-1,-1,-1,-1
248,37,66,176,25,65,-1,-1,-1,-1
248,40,439,90,20,40,-1,-1,-1,-1
249,2,320,11,15,38,-1,-1,-1,-1
249,3,352,61,19,46,-1,-1,-1,-1
249,6,352,266,50,53,-1,-1,-1,-1
249,8,447,66,16,29,-1,-1,-1,-1
249,15,90,78,15,40,-1,-1,-1,-1
249,16,135,65,17,46,-1,-1,-1,-1
249,20,422,169,25,70,-1,-1,-1,-1
249,26,114,72,19,47,-1,-1,-1,-1
249,33,319,188,35,89,-1,-1,-1,-1
249,36,63,125,21,53,-1,-1,-1,-1
249,37,69,183,22,57,-1,-1,-1,-1
250,2,319,12,15,38,-1,-1,-1,-1
250,3,353,61,19,43,-1,-1,-1,-1
250,6,355,264,50,55,-1,-1,-1,-1
250,8,447,66,16,29,-1,-1,-1,-1
250,15,90,77,15,41,-1,-1,-1,-1
250,16,137,61,18,49,-1,-1,-1,-1
250,20,423,168,25,71,-1,-1,-1,-1
250,26,115,72,18,47,-1,-1,-1,-1
250,33,321,186,35,89,-1,-1,-1,-1
250,36,64,124,21,53,-1,-1,-1,-1
250,37,69,172,25,66,-1,-1,-1,-1
251,2,319,13,14,36,-1,-1,-1,-1
251,3,353,60,19,44,-1,-1,-1,-1
251,6,355,262,50,57,-1,-1,-1,-1
251,8,447,66,15,28,-1,-1,-1,-1
251,15,87,73,17,46,-1,-1,-1,-1
251,16,139,60,18,49,-1,-1,-1,-1
251,20,424,167,24,71,-1,-1,-1,-1
251,26,115,71,18,47,-1,-1,-1,-1
251,33,323,183,35,90,-1,-1,-1,-1
251,36,65,125,20,50,-1,-1,-1,-1
251,37,73,179,22,59,-1,-1,-1,-1
252,2,319,13,14,36,-1,-1,-1,-1
252,3,354,61,18,43,-1,-1,-1,-1
252,6,356,260,50,59,-1,-1,-1,-1
252,8,446,66,16,29,-1,-1,-1,-1
252,15,86,75,17,44,-1,-1,-1,-1
252,16,140,59,17,48,-1,-1,-1,-1
252,20,424,166,25,70,-1,-1,-1,-1
252,26,116,72,19,47,-1,-1,-1,-1
252,33,323,181,35,91,-1,-1,-1,-1
252,36,66,125,21,54,-1,-1,-1,-1
252,37,75,183,20,54,-1,-1,-1,-1
252,40,437,88,23,45,-1,-1,-1,-1
252,45,4,234,29,85,-1,-1,-1,-1
253,3,355,61,18,41,-1,-1,-1,-1
253,6,357,259,51,60,-1,-1,-1,-1
253,8,446,66,16,30,-1,-1,-1,-1
253,15,86,75,17,45,-1,-1,-1,-1
253,16,142,59,17,46,-1,-1,-1,-1
253,20,425,165,24,69,-1,-1,-1,-1
253,26,117,71,19,47,-1,-1,-1,-1
253,33,325,180,34,91,-1,-1,-1,-1
253,36,67,124,22,57,-1,-1,-1,-1
253,37,77,180,22,56,-1,-1,-1,-1
253,40,436,84,25,49,-1,-1,-1,-1
253,45,9,240,27,79,-1,-1,-1,-1
254,3,354,61,18,42,-1,-1,-1,-1
254,6,358,257,50,62,-1,-1,-1,-1
254,15,86,76,17,44,-1,-1,-1,-1
254,16,142,59,17,44,-1,-1,-1,-1
254,20,426,165,24,69,-1,-1,-1,-1
254,26,118,70,18,47,-1,-1,-1,-1
254,33,326,179,35,92,-1,-1,-1,-1
254,36,67,123,23,58,-1,-1,-1,-1
254,37,79,177,23,60,-1,-1,-1,-1
254,40,435,84,26,50,-1,-1,-1,-1
254,45,9,234,29,85,-1,-1,-1,-1
255,2,319,14,13,35,-1,-1,-1,-1
255,3,355,61,17,42,-1,-1,-1,-1
255,6,357,255,51,64,-1,-1,-1,-1
255,8,445,67,16,28,-1,-1,-1,-1
255,15,84,76,18,44,-1,-1,-1,-1
255,16,143,58,17,44,-1,-1,-1,-1
255,20,426,163,25,70,-1,-1,-1,-1
255,26,118,71,19,46,-1,-1,-1,-1
255,33,327,179,35,91,-1,-1,-1,-1
255,36,68,122,23,59,-1,-1,-1,-1
255,37,80,175,24,62,-1,-1,-1,-1
255,45,9,233,31,86,-1,-1,-1,-1
256,2,318,14,14,35,-1,-1,-1,-1
256,3,354,60,18,42,-1,-1,-1,-1
256,6,359,254,49,65,-1,-1,-1,-1
256,8,445,67,16,29,-1,-1,-1,-1
256,15,82,75,18,45,-1,-1,-1,-1
256,16,144,58,17,44,-1,-1,-1,-1
256,20,426,163,25,70,-1,-1,-1,-1
256,26,119,71,19,46,-1,-1,-1,-1
256,33,329,178,35,92,-1,-1,-1,-1
256,36,68,122,23,57,-1,-1,-1,-1
256,37,81,173,25,64,-1,-1,-1,-1
256,45,11,233,30,86,-1,-1,-1,-1
257,2,318,12,15,38,-1,-1,-1,-1
257,3,354,59,18,42,-1,-1,-1,-1
257,6,360,254,49,65,-1,-1,-1,-1
257,8,444,68,16,30,-1,-1,-1,-1
257,15,81,75,18,45,-1,-1,-1,-1
257,16,145,58,16,44,-1,-1,-1,-1
257,20,427,162,26,71,-1,-1,-1,-1
257,26,120,70,18,47,-1,-1,-1,-1
257,33,328,178,36,92,-1,-1,-1,-1
257,36,70,121,22,56,-1,-1,-1,-1
257,37,83,172,24,63,-1,-1,-1,-1
257,45,12,229,30,84,-1,-1,-1,-1
258,2,317,12,14,35,-1,-1,-1,-1
258,3,355,60,18,41,-1,-1,-1,-1
258,6,362,253,47,66,-1,-1,-1,-1
258,8,444,69,16,29,-1,-1,-1,-1
258,15,80,74,18,47,-1,-1,-1,-1
258,16,146,58,15,41,-1,-1,-1,-1
258,20,427,161,26,71,-1,-1,-1,-1
258,26,121,70,19,47,-1,-1,-1,-1
258,33,329,177,36,91,-1,-1,-1,-1
258,36,70,119,23,58,-1,-1,-1,-1
258,37,85,171,24,62,-1,-1,-1,-1
258,45,13,229,31,84,-1,-1,-1,-1
259,2,316,9,16,41,-1,-1,-1,-1
259,3,356,59,18,42,-1,-1,-1,-1
259,6,363,253,47,66,-1,-1,-1,-1
259,8,443,69,18,30,-1,-1,-1,-1
259,15,80,75,17,45,-1,-1,-1,-1
259,16,147,57,14,39,-1,-1,-1,-1
259,20,427,161,26,71,-1,-1,-1,-1
259,26,121,69,19,48,-1,-1,-1,-1
259,33,330,176,34,88,-1,-1,-1,-1
259,35,278,0,14,24,-1,-1,-1,-1
259,36,71,118,22,59,-1,-1,-1,-1
259,37,86,171,23,59,-1,-1,-1,-1
259,45,15,227,32,87,-1,-1,-1,-1
260,2,316,10,15,40,-1,-1,-1,-1
260,3,356,58,18,42,-1,-1,-1,-1
260,6,366,252,46,67,-1,-1,-1,-1
260,8,442,69,18,31,-1,-1,-1,-1
260,15,79,77,17,44,-1,-1,-1,-1
260,16,148,57,14,38,-1,-1,-1,-1
260,20,427,160,26,72,-1,-1,-1,-1
260,26,123,69,18,44,-1,-1,-1,-1
260,33,331,174,34,88,-1,-1,-1,-1
260,35,278,0,14,25,-1,-1,-1,-1
260,36,72,118,23,59,-1,-1,-1,-1
260,37,87,170,22,59,-1,-1,-1,-1
260,45,15,224,35,93,-1,-1,-1,-1
261,2,316,11,15,40,-1,-1,-1,-1
261,3,355,59,18,41,-1,-1,-1,-1
261,6,368,250,46,69,-1,-1,-1,-1
261,8,443,70,18,30,-1,-1,-1,-1
261,15,79,78,15,42,-1,-1,-1,-1
261,16,149,58,14,36,-1,-1,-1,-1
261,20,427,160,26,71,-1,-1,-1,-1
261,26,124,68,17,44,-1,-1,-1,-1
261,33,332,171,33,87,-1,-1,-1,-1
261,36,72,117,23,60,-1,-1,-1,-1
261,37,87,168,23,60,-1,-1,-1,-1
261,45,17,225,34,93,-1,-1,-1,-1
262,2,315,9,15,41,-1,-1,-1,-1
262,3,356,59,18,40,-1,-1,-1,-1
262,6,369,249,46,70,-1,-1,-1,-1
262,8,441,70,19,31,-1,-1,-1,-1
262,15,78,76,16,45,-1,-1,-1,-1
262,16,149,57,15,36,-1,-1,-1,-1
262,20,428,159,25,71,-1,-1,-1,-1
262,26,125,67,19,47,-1,-1,-1,-1
262,33,333,169,33,87,-1,-1,-1,-1
262,36,73,116,23,61,-1,-1,-1,-1
262,37,88,167,23,62,-1,-1,-1,-1
262,45,19,223,33,91,-1,-1,-1,-1
263,2,314,11,15,41,-1,-1,-1,-1
263,3,356,60,17,41,-1,-1,-1,-1
263,6,369,248,45,71,-1,-1,-1,-1
263,8,441,70,19,31,-1,-1,-1,-1
263,15,76,77,17,44,-1,-1,-1,-1
263,16,149,57,15,37,-1,-1,-1,-1
263,20,428,159,26,72,-1,-1,-1,-1
263,26,126,66,19,49,-1,-1,-1,-1
263,33,333,168,33,87,-1,-1,-1,-1
263,36,74,117,24,60,-1,-1,-1,-1
263,37,91,168,23,60,-1,-1,-1,-1
263,45,21,221,34,94,-1,-1,-1,-1
264,2,314,11,15,39,-1,-1,-1,-1
264,3,356,60,18,40,-1,-1,-1,-1
264,6,369,246,45,73,-1,-1,-1,-1
264,15,76,78,17,45,-1,-1,-1,-1
264,16,150,56,15,36,-1,-1,-1,-1
264,20,428,158,25,72,-1,-1,-1,-1
264,26,127,65,19,50,-1,-1,-1,-1
264,33,333,166,33,87,-1,-1,-1,-1
264,36,75,119,23,58,-1,-1,-1,-1
264,37,93,166,24,62,-1,-1,-1,-1
264,45,21,219,34,96,-1,-1,-1,-1
264,48,0,220,20,86,-1,-1,-1,-1
265,2,314,12,14,40,-1,-1,-1,-1
265,6,371,243,46,76,-1,-1,-1,-1
265,8,441,71,19,30,-1,-1,-1,-1
265,15,75,80,17,45,-1,-1,-1,-1
265,16,151,56,15,36,-1,-1,-1,-1
265,20,428,157,25,71,-1,-1,-1,-1
265,26,128,66,19,48,-1,-1,-1,-1
265,33,335,164,31,83,-1,-1,-1,-1
265,36,76,119,22,57,-1,-1,-1,-1
265,37,96,166,23,62,-1,-1,-1,-1
265,45,23,220,34,93,-1,-1,-1,-1
265,48,1,221,21,86,-1,-1,-1,-1
266,2,314,13,14,39,-1,-1,-1,-1
266,3,358,57,17,41,-1,-1,-1,-1
266,6,371,242,46,77,-1,-1,-1,-1
266,8,440,70,20,31,-1,-1,-1,-1
266,15,73,81,18,46,-1,-1,-1,-1
266,16,151,55,15,36,-1,-1,-1,-1
266,20,429,156,24,69,-1,-1,-1,-1
266,26,129,65,18,49,-1,-1,-1,-1
266,33,335,163,32,84,-1,-1,-1,-1
266,36,77,117,23,58,-1,-1,-1,-1
266,37,98,166,24,62,-1,-1,-1,-1
266,45,24,218,35,96,-1,-1,-1,-1
266,48,2,220,21,87,-1,-1,-1,-1
267,2,314,17,13,36,-1,-1,-1,-1
267,3,359,56,17,42,-1,-1,-1,-1
267,6,371,240,46,79,-1,-1,-1,-1
267,8,440,70,19,31,-1,-1,-1,-1
267,15,73,80,17,46,-1,-1,-1,-1
267,16,152,55,15,36,-1,-1,-1,-1
267,20,428,155,25,69,-1,-1,-1,-1
267,26,130,65,18,49,-1,-1,-1,-1
267,33,335,163,33,88,-1,-1,-1,-1
267,36,77,115,23,59,-1,-1,-1,-1
267,37,99,167,24,60,-1,-1,-1,-1
267,45,27,216,36,98,-1,-1,-1,-1
267,48,5,219,22,87,-1,-1,-1,-1
268,2,312,17,14,37,-1,-1,-1,-1
268,3,361,55,17,41,-1,-1,-1,-1
268,6,372,239,45,80,-1,-1,-1,-1
268,8,440,71,19,30,-1,-1,-1,-1
268,15,72,81,17,46,-1,-1,-1,-1
268,16,153,55,14,35,-1,-1,-1,-1
268,20,429,154,25,69,-1,-1,-1,-1
268,26,130,63,19,50,-1,-1,-1,-1
268,33,335,162,34,91,-1,-1,-1,-1
268,36,78,113,22,59,-1,-1,-1,-1
268,37,98,164,25,62,-1,-1,-1,-1
268,45,30,216,36,96,-1,-1,-1,-1
268,48,8,219,22,87,-1,-1,-1,-1
269,2,312,17,14,37,-1,-1,-1,-1
269,3,360,55,18,42,-1,-1,-1,-1
269,6,373,238,44,81,-1,-1,-1,-1
269,8,440,71,19,31,-1,-1,-1,-1
269,15,70,79,18,48,-1,-1,-1,-1
269,16,153,54,15,35,-1,-1,-1,-1
269,20,429,153,25,69,-1,-1,-1,-1
269,26,131,63,19,50,-1,-1,-1,-1
269,33,336,162,34,91,-1,-1,-1,-1
269,36,78,112,23,59,-1,-1,-1,-1
269,37,101,163,24,63,-1,-1,-1,-1
269,45,32,216,37,96,-1,-1,-1,-1
269,48,9,218,23,87,-1,-1,-1,-1
270,2,312,16,14,37,-1,-1,-1,-1
270,3,361,54,17,41,-1,-1,-1,-1
270,6,373,237,44,82,-1,-1,-1,-1
270,8,439,72,19,30,-1,-1,-1,-1
270,15,68,80,17,47,-1,-1,-1,-1
270,16,154,53,15,36,-1,-1,-1,-1
270,20,429,153,25,68,-1,-1,-1,-1
270,26,132,64,18,48,-1,-1,-1,-1
270,33,336,162,35,92,-1,-1,-1,-1
270,36,79,111,23,59,-1,-1,-1,-1
270,37,101,163,24,61,-1,-1,-1,-1
270,45,34,216,37,95,-1,-1,-1,-1
270,48,10,216,24,87,-1,-1,-1,-1
271,2,312,17,14,37,-1,-1,-1,-1
271,3,362,55,17,40,-1,-1,-1,-1
271,6,375,237,43,82,-1,-1,-1,-1
271,8,439,73,19,29,-1,-1,-1,-1
271,15,67,80,18,48,-1,-1,-1,-1
271,16,154,53,15,35,-1,-1,-1,-1
271,20,430,154,24,68,-1,-1,-1,-1
271,26,133,64,18,49,-1,-1,-1,-1
271,33,337,160,34,89,-1,-1,-1,-1
271,36,80,110,23,60,-1,-1,-1,-1
271,37,103,162,23,61,-1,-1,-1,-1
271,45,34,215,37,94,-1,-1,-1,-1
271,48,11,215,24,88,-1,-1,-1,-1
272,2,311,17,14,37,-1,-1,-1,-1
272,3,361,53,18,41,-1,-1,-1,-1
272,6,376,236,43,83,-1,-1,-1,-1
272,8,439,73,18,29,-1,-1,-1,-1
272,15,67,81,17,47,-1,-1,-1,-1
272,16,155,53,15,37,-1,-1,-1,-1
272,20,430,154,24,67,-1,-1,-1,-1
272,26,134,64,18,48,-1,-1,-1,-1
272,33,340,159,32,84,-1,-1,-1,-1
272,36,80,110,23,60,-1,-1,-1,-1
272,37,106,160,23,60,-1,-1,-1,-1
272,45,35,214,37,95,-1,-1,-1,-1
272,48,11,213,25,89,-1,-1,-1,-1
273,2,311,15,15,39,-1,-1,-1,-1
273,3,362,52,18,42,-1,-1,-1,-1
273,6,378,235,42,84,-1,-1,-1,-1
273,8,439,73,20,32,-1,-1,-1,-1
273,15,66,82,17,47,-1,-1,-1,-1
273,16,155,52,16,37,-1,-1,-1,-1
273,20,430,154,24,67,-1,-1,-1,-1
273,26,134,63,18,48,-1,-1,-1,-1
273,33,342,159,32,81,-1,-1,-1,-1
273,36,81,109,23,61,-1,-1,-1,-1
273,37,108,160,23,60,-1,-1,-1,-1
273,45,37,214,38,96,-1,-1,-1,-1
273,48,11,212,25,87,-1,-1,-1,-1
274,2,310,16,15,39,-1,-1,-1,-1
274,3,362,54,17,41,-1,-1,-1,-1
274,6,380,234,41,85,-1,-1,-1,-1
274,8,438,74,20,31,-1,-1,-1,-1
274,15,64,82,17,48,-1,-1,-1,-1
274,16,157,53,15,36,-1,-1,-1,-1
274,20,431,153,24,69,-1,-1,-1,-1
274,26,137,61,17,49,-1,-1,-1,-1
274,33,343,157,32,82,-1,-1,-1,-1
274,36,83,110,21,58,-1,-1,-1,-1
274,37,110,160,23,60,-1,-1,-1,-1
274,45,39,214,36,91,-1,-1,-1,-1
274,48,13,210,24,85,-1,-1,-1,-1
275,2,310,16,15,39,-1,-1,-1,-1
275,3,362,54,18,41,-1,-1,-1,-1
275,6,381,233,42,86,-1,-1,-1,-1
275,8,438,74,20,31,-1,-1,-1,-1
275,15,62,82,18,49,-1,-1,-1,-1
275,16,158,53,15,35,-1,-1,-1,-1
275,20,432,154,24,67,-1,-1,-1,-1
275,26,138,58,18,51,-1,-1,-1,-1
275,33,343,154,32,83,-1,-1,-1,-1
275,35,274,0,14,29,-1,-1,-1,-1
275,36,83,110,22,58,-1,-1,-1,-1
275,37,112,159,23,61,-1,-1,-1,-1
275,45,40,214,35,88,-1,-1,-1,-1
275,48,16,209,23,81,-1,-1,-1,-1
276,3,362,54,18,40,-1,-1,-1,-1
276,6,383,232,39,83,-1,-1,-1,-1
276,8,437,75,20,30,-1,-1,-1,-1
276,15,63,84,17,47,-1,-1,-1,-1
276,16,159,53,15,35,-1,-1,-1,-1
276,20,432,153,24,67,-1,-1,-1,-1
276,26,139,62,17,47,-1,-1,-1,-1
276,33,344,153,32,84,-1,-1,-1,-1
276,35,273,0,15,30,-1,-1,-1,-1
276,36,84,110,21,57,-1,-1,-1,-1
276,37,114,159,23,61,-1,-1,-1,-1
276,45,41,210,35,89,-1,-1,-1,-1
276,48,18,208,24,82,-1,-1,-1,-1
277,3,362,53,18,42,-1,-1,-1,-1
277,6,384,231,38,83,-1,-1,-1,-1
277,8,436,76,21,32,-1,-1,-1,-1
277,15,61,86,17,46,-1,-1,-1,-1
277,16,159,52,15,36,-1,-1,-1,-1
277,20,432,151,25,69,-1,-1,-1,-1
277,26,139,61,18,48,-1,-1,-1,-1
277,33,344,151,33,85,-1,-1,-1,-1
277,35,274,0,14,31,-1,-1,-1,-1
277,36,85,109,20,54,-1,-1,-1,-1
277,37,116,159,23,61,-1,-1,-1,-1
277,40,428,104,22,42,-1,-1,-1,-1
277,45,43,212,33,86,-1,-1,-1,-1
277,48,19,207,24,82,-1,-1,-1,-1
278,3,363,52,19,44,-1,-1,-1,-1
278,6,384,228,37,83,-1,-1,-1,-1
278,8,435,76,20,32,-1,-1,-1,-1
278,15,60,84,18,47,-1,-1,-1,-1
278,16,159,52,16,36,-1,-1,-1,-1
278,20,433,150,24,69,-1,-1,-1,-1
278,26,139,59,18,49,-1,-1,-1,-1
278,33,346,152,32,83,-1,-1,-1,-1
278,35,273,0,15,31,-1,-1,-1,-1
278,36,85,108,21,56,-1,-1,-1,-1
278,37,118,159,24,61,-1,-1,-1,-1
278,40,429,104,22,43,-1,-1,-1,-1
278,45,45,210,33,87,-1,-1,-1,-1
278,48,21,206,25,81,-1,-1,-1,-1
279,3,362,53,19,42,-1,-1,-1,-1
279,6,385,226,37,84,-1,-1,-1,-1
279,8,434,76,21,32,-1,-1,-1,-1
279,15,59,86,18,47,-1,-1,-1,-1
279,16,160,52,15,35,-1,-1,-1,-1
279,20,433,148,25,68,-1,-1,-1,-1
279,26,140,59,18,48,-1,-1,-1,-1
279,33,346,151,33,84,-1,-1,-1,-1
279,36,86,106,21,58,-1,-1,-1,-1
279,37,119,158,24,62,-1,-1,-1,-1
279,40,429,105,21,43,-1,-1,-1,-1
279,45,45,207,34,90,-1,-1,-1,-1
279,48,24,206,25,82,-1,-1,-1,-1
280,2,308,19,14,37,-1,-1,-1,-1
280,3,362,52,19,43,-1,-1,-1,-1
280,6,386,225,37,86,-1,-1,-1,-1
280,8,428,77,33,53,-1,-1,-1,-1
280,15,58,87,17,46,-1,-1,-1,-1
280,16,161,51,15,35,-1,-1,-1,-1
280,20,434,148,25,68,-1,-1,-1,-1
280,26,140,60,18,48,-1,-1,-1,-1
280,33,347,151,33,83,-1,-1,-1,-1
280,36,87,105,21,58,-1,-1,-1,-1
280,37,120,156,24,61,-1,-1,-1,-1
280,45,46,204,34,92,-1,-1,-1,-1
280,48,26,206,26,82,-1,-1,-1,-1
281,2,308,19,14,37,-1,-1,-1,-1
281,3,362,50,20,45,-1,-1,-1,-1
281,6,387,225,36,86,-1,-1,-1,-1
281,8,427,77,35,56,-1,-1,-1,-1
281,15,56,88,17,46,-1,-1,-1,-1
281,16,162,51,15,35,-1,-1,-1,-1
281,20,435,146,24,68,-1,-1,-1,-1
281,26,140,59,18,48,-1,-1,-1,-1
281,33,347,150,33,85,-1,-1,-1,-1
281,36,87,104,21,58,-1,-1,-1,-1
281,37,121,156,24,58,-1,-1,-1,-1
281,45,47,204,33,90,-1,-1,-1,-1
281,48,26,206,27,83,-1,-1,-1,-1
282,2,307,19,15,37,-1,-1,-1,-1
282,3,362,51,21,47,-1,-1,-1,-1
282,6,388,224,36,87,-1,-1,-1,-1
282,15,55,87,17,47,-1,-1,-1,-1
282,20,436,146,24,67,-1,-1,-1,-1
282,26,141,58,18,48,-1,-1,-1,-1
282,33,348,150,33,84,-1,-1,-1,-1
282,36,88,103,21,58,-1,-1,-1,-1
282,37,122,154,24,60,-1,-1,-1,-1
282,45,47,203,34,92,-1,-1,-1,-1
282,48,28,204,29,86,-1,-1,-1,-1
283,3,362,51,21,46,-1,-1,-1,-1
283,6,388,223,36,89,-1,-1,-1,-1
283,15,55,89,17,46,-1,-1,-1,-1
283,16,163,50,15,35,-1,-1,-1,-1
283,20,436,145,24,68,-1,-1,-1,-1
283,33,349,148,33,85,-1,-1,-1,-1
283,35,271,0,14,30,-1,-1,-1,-1
283,36,88,103,21,57,-1,-1,-1,-1
283,37,123,154,23,59,-1,-1,-1,-1
283,45,50,204,34,91,-1,-1,-1,-1
283,48,29,204,29,84,-1,-1,-1,-1
284,3,363,51,21,46,-1,-1,-1,-1
284,6,389,222,35,90,-1,-1,-1,-1
284,15,54,90,16,46,-1,-1,-1,-1
284,16,164,48,16,37,-1,-1,-1,-1
284,20,438,144,24,69,-1,-1,-1,-1
284,33,349,147,32,84,-1,-1,-1,-1
284,35,271,0,14,30,-1,-1,-1,-1
284,36,89,101,21,58,-1,-1,-1,-1
284,37,123,153,23,60,-1,-1,-1,-1
284,45,53,203,35,92,-1,-1,-1,-1
284,48,30,202,30,86,-1,-1,-1,-1
285,2,305,20,14,37,-1,-1,-1,-1
285,3,363,50,21,47,-1,-1,-1,-1
285,6,389,221,35,90,-1,-1,-1,-1
285,15,52,87,18,51,-1,-1,-1,-1
285,16,165,48,16,37,-1,-1,-1,-1
285,20,438,144,24,69,-1,-1,-1,-1
285,33,350,145,32,84,-1,-1,-1,-1
285,36,89,101,22,59,-1,-1,-1,-1
285,37,125,153,23,60,-1,-1,-1,-1
285,45,58,207,32,87,-1,-1,-1,-1
285,48,32,202,29,83,-1,-1,-1,-1
286,2,304,20,14,38,-1,-1,-1,-1
286,6,391,220,33,88,-1,-1,-1,-1
286,15,51,88,18,51,-1,-1,-1,-1
286,16,165,47,16,38,-1,-1,-1,-1
286,20,438,144,24,69,-1,-1,-1,-1
286,33,351,144,30,78,-1,-1,-1,-1
286,36,90,100,21,59,-1,-1,-1,-1
286,37,126,152,24,62,-1,-1,-1,-1
286,45,58,202,34,91,-1,-1,-1,-1
286,48,34,200,28,82,-1,-1,-1,-1
287,6,391,219,34,90,-1,-1,-1,-1
287,15,50,90,18,49,-1,-1,-1,-1
287,16,166,48,16,37,-1,-1,-1,-1
287,20,438,144,24,68,-1,-1,-1,-1
287,33,352,143,28,73,-1,-1,-1,-1
287,36,90,101,21,58,-1,-1,-1,-1
287,37,129,152,24,62,-1,-1,-1,-1
287,45,59,198,34,94,-1,-1,-1,-1
287,48,35,198,28,81,-1,-1,-1,-1
287,50,434,81,18,30,-1,-1,-1,-1
288,6,392,218,31,86,-1,-1,-1,-1
288,15,50,92,17,48,-1,-1,-1,-1
288,16,166,48,16,36,-1,-1,-1,-1
288,20,438,144,24,69,-1,-1,-1,-1
288,33,352,140,30,78,-1,-1,-1,-1
288,36,91,100,22,59,-1,-1,-1,-1
288,37,130,153,24,60,-1,-1,-1,-1
288,45,59,196,34,94,-1,-1,-1,-1
288,48,36,196,27,81,-1,-1,-1,-1
288,50,434,81,18,30,-1,-1,-1,-1
289,2,303,19,15,40,-1,-1,-1,-1
289,3,365,47,21,45,-1,-1,-1,-1
289,6,393,216,31,85,-1,-1,-1,-1
289,15,50,94,17,45,-1,-1,-1,-1
289,16,167,48,16,36,-1,-1,-1,-1
289,20,439,143,23,70,-1,-1,-1,-1
289,33,352,138,30,80,-1,-1,-1,-1
289,36,91,99,22,59,-1,-1,-1,-1
289,37,131,152,24,61,-1,-1,-1,-1
289,45,60,196,34,93,-1,-1,-1,-1
289,48,38,195,27,81,-1,-1,-1,-1
289,50,433,80,20,32,-1,-1,-1,-1
290,2,302,20,16,39,-1,-1,-1,-1
290,3,365,47,20,44,-1,-1,-1,-1
290,6,395,214,30,83,-1,-1,-1,-1
290,15,49,93,18,46,-1,-1,-1,-1
290,16,168,48,15,35,-1,-1,-1,-1
290,20,439,142,24,71,-1,-1,-1,-1
290,33,353,137,30,79,-1,-1,-1,-1
290,36,93,99,21,58,-1,-1,-1,-1
290,37,132,151,23,61,-1,-1,-1,-1
290,45,62,193,33,91,-1,-1,-1,-1
290,48,41,194,25,75,-1,-1,-1,-1
290,50,433,81,19,31,-1,-1,-1,-1
291,2,302,21,15,39,-1,-1,-1,-1
291,3,366,46,20,46,-1,-1,-1,-1
291,6,396,212,29,82,-1,-1,-1,-1
291,15,47,94,18,47,-1,-1,-1,-1
291,16,168,47,16,35,-1,-1,-1,-1
291,20,440,141,23,69,-1,-1,-1,-1
291,26,151,56,13,35,-1,-1,-1,-1
291,33,352,137,31,81,-1,-1,-1,-1
291,36,94,99,20,55,-1,-1,-1,-1
291,37,133,151,23,59,-1,-1,-1,-1
291,45,63,192,32,90,-1,-1,-1,-1
291,48,42,193,24,72,-1,-1,-1,-1
291,50,433,81,19,32,-1,-1,-1,-1
292,2,300,21,15,39,-1,-1,-1,-1
292,3,367,46,19,44,-1,-1,-1,-1
292,6,396,211,29,83,-1,-1,-1,-1
292,15,45,95,18,46,-1,-1,-1,-1
292,16,169,46,16,37,-1,-1,-1,-1
292,20,439,141,23,70,-1,-1,-1,-1
292,26,151,56,13,33,-1,-1,-1,-1
292,33,352,138,31,81,-1,-1,-1,-1
292,36,94,98,19,55,-1,-1,-1,-1
292,37,134,151,23,58,-1,-1,-1,-1
292,45,64,191,32,88,-1,-1,-1,-1
292,48,42,193,26,77,-1,-1,-1,-1
292,50,433,82,18,30,-1,-1,-1,-1
293,2,299,21,15,39,-1,-1,-1,-1
293,3,366,46,20,43,-1,-1,-1,-1
293,6,397,210,29,85,-1,-1,-1,-1
293,15,44,93,18,47,-1,-1,-1,-1
293,16,170,45,16,36,-1,-1,-1,-1
293,20,440,139,22,67,-1,-1,-1,-1
293,26,151,57,14,33,-1,-1,-1,-1
293,33,353,137,30,82,-1,-1,-1,-1
293,36,94,97,20,56,-1,-1,-1,-1
293,37,136,149,23,59,-1,-1,-1,-1
293,45,66,190,32,88,-1,-1,-1,-1
293,48,44,192,25,77,-1,-1,-1,-1
293,50,432,83,19,31,-1,-1,-1,-1
294,2,300,21,14,39,-1,-1,-1,-1
294,3,368,44,19,43,-1,-1,-1,-1
294,6,398,209,30,86,-1,-1,-1,-1
294,15,43,94,17,46,-1,-1,-1,-1
294,16,171,46,15,34,-1,-1,-1,-1
294,20,440,138,22,66,-1,-1,-1,-1
294,26,152,56,14,32,-1,-1,-1,-1
294,33,354,137,30,80,-1,-1,-1,-1
294,35,269,0,15,33,-1,-1,-1,-1
294,36,95,96,20,56,-1,-1,-1,-1
294,37,138,148,22,59,-1,-1,-1,-1
294,45,70,195,29,82,-1,-1,-1,-1
294,48,45,192,27,82,-1,-1,-1,-1
294,50,431,83,21,34,-1,-1,-1,-1
294,51,323,278,35,41,-1,-1,-1,-1
295,2,300,21,15,39,-1,-1,-1,-1
295,3,368,44,19,44,-1,-1,-1,-1
295,6,399,208,30,88,-1,-1,-1,-1
295,15,41,93,18,48,-1,-1,-1,-1
295,16,171,44,15,36,-1,-1,-1,-1
295,20,441,137,22,66,-1,-1,-1,-1
295,26,153,55,14,33,-1,-1,-1,-1
295,33,356,137,29,79,-1,-1,-1,-1
295,35,269,0,15,34,-1,-1,-1,-1
295,36,95,95,20,57,-1,-1,-1,-1
295,37,139,148,22,59,-1,-1,-1,-1
295,45,72,190,30,85,-1,-1,-1,-1
295,48,47,191,28,83,-1,-1,-1,-1
295,50,432,83,21,34,-1,-1,-1,-1
295,51,322,276,37,43,-1,-1,-1,-1
296,2,299,23,15,38,-1,-1,-1,-1
296,3,368,44,19,45,-1,-1,-1,-1
296,6,399,208,30,87,-1,-1,-1,-1
296,15,40,93,18,48,-1,-1,-1,-1
296,16,171,45,15,34,-1,-1,-1,-1
296,20,441,137,22,67,-1,-1,-1,-1
296,26,154,56,13,32,-1,-1,-1,-1
296,33,356,136,29,79,-1,-1,-1,-1
296,36,95,96,20,56,-1,-1,-1,-1
296,37,141,148,22,57,-1,-1,-1,-1
296,45,73,187,31,88,-1,-1,-1,-1
296,48,48,191,28,83,-1,-1,-1,-1
296,50,431,83,22,35,-1,-1,-1,-1
296,51,323,275,38,44,-1,-1,-1,-1
297,2,299,23,15,39,-1,-1,-1,-1
297,3,368,45,19,44,-1,-1,-1,-1
297,6,399,207,30,88,-1,-1,-1,-1
297,8,425,84,30,52,-1,-1,-1,-1
297,15,38,93,18,51,-1,-1,-1,-1
297,16,173,45,15,36,-1,-1,-1,-1
297,20,441,135,23,68,-1,-1,-1,-1
297,26,154,56,14,32,-1,-1,-1,-1
297,33,357,136,29,77,-1,-1,-1,-1
297,36,96,95,20,57,-1,-1,-1,-1
297,37,143,149,22,56,-1,-1,-1,-1
297,45,74,186,32,89,-1,-1,-1,-1
297,48,50,189,27,82,-1,-1,-1,-1
297,51,325,274,39,45,-1,-1,-1,-1
298,2,298,23,15,38,-1,-1,-1,-1
298,3,369,45,18,42,-1,-1,-1,-1
298,6,401,207,29,87,-1,-1,-1,-1
298,8,425,84,30,52,-1,-1,-1,-1
298,15,37,91,19,53,-1,-1,-1,-1
298,16,173,43,16,38,-1,-1,-1,-1
298,20,441,134,23,70,-1,-1,-1,-1
298,26,156,55,14,33,-1,-1,-1,-1
298,33,359,135,28,76,-1,-1,-1,-1
298,36,96,95,21,58,-1,-1,-1,-1
298,37,144,149,22,56,-1,-1,-1,-1
298,40,422,115,20,41,-1,-1,-1,-1
298,45,77,191,31,85,-1,-1,-1,-1
298,48,51,188,27,83,-1,-1,-1,-1
298,50,431,84,20,32,-1,-1,-1,-1
298,51,325,273,40,46,-1,-1,-1,-1
299,2,297,23,15,38,-1,-1,-1,-1
299,3,369,45,18,42,-1,-1,-1,-1
299,6,402,205,29,87,-1,-1,-1,-1
299,15,35,90,20,54,-1,-1,-1,-1
299,16,174,41,15,38,-1,-1,-1,-1
299,20,442,135,22,68,-1,-1,-1,-1
299,26,156,54,14,32,-1,-1,-1,-1
299,33,360,134,27,72,-1,-1,-1,-1
299,36,96,94,21,59,-1,-1,-1,-1
299,37,146,146,23,58,-1,-1,-1,-1
299,40,421,115,21,42,-1,-1,-1,-1
299,45,78,186,33,89,-1,-1,-1,-1
299,48,52,186,27,84,-1,-1,-1,-1
299,50,429,84,22,34,-1,-1,-1,-1
299,51,327,272,41,47,-1,-1,-1,-1
300,2,296,23,15,37,-1,-1,-1,-1
300,3,370,43,19,43,-1,-1,-1,-1
300,6,402,205,29,86,-1,-1,-1,-1
300,15,35,90,21,55,-1,-1,-1,-1
300,16,175,41,16,38,-1,-1,-1,-1
300,20,441,133,23,72,-1,-1,-1,-1
300,26,157,53,14,33,-1,-1,-1,-1
300,33,360,132,28,74,-1,-1,-1,-1
300,36,97,94,20,57,-1,-1,-1,-1
300,37,148,147,23,57,-1,-1,-1,-1
300,40,421,116,20,42,-1,-1,-1,-1
300,45,78,186,34,91,-1,-1,-1,-1
300,48,53,185,27,81,-1,-1,-1,-1
300,50,430,85,20,32,-1,-1,-1,-1
300,51,327,270,43,49,-1,-1,-1,-1
301,2,296,23,15,38,-1,-1,-1,-1
301,3,371,44,18,42,-1,-1,-1,-1
301,6,403,203,28,84,-1,-1,-1,-1
301,15,35,93,20,53,-1,-1,-1,-1
301,16,176,41,15,37,-1,-1,-1,-1
301,20,442,133,23,72,-1,-1,-1,-1
301,26,157,51,15,34,-1,-1,-1,-1
301,33,362,131,28,74,-1,-1,-1,-1
301,36,97,94,20,55,-1,-1,-1,-1
301,37,148,146,23,55,-1,-1,-1,-1
301,40,421,115,23,45,-1,-1,-1,-1
301,45,78,184,35,94,-1,-1,-1,-1
301,48,54,183,26,79,-1,-1,-1,-1
301,50,430,87,21,33,-1,-1,-1,-1
301,51,328,267,46,52,-1,-1,-1,-1
302,2,296,24,14,38,-1,-1,-1,-1
302,3,371,43,19,43,-1,-1,-1,-1
302,6,404,201,28,83,-1,-1,-1,-1
302,15,34,98,18,48,-1,-1,-1,-1
302,16,177,42,15,35,-1,-1,-1,-1
302,20,443,133,22,71,-1,-1,-1,-1
302,26,158,51,15,33,-1,-1,-1,-1
302,33,362,129,29,76,-1,-1,-1,-1
302,36,97,93,20,54,-1,-1,-1,-1
302,37,150,144,23,57,-1,-1,-1,-1
302,40,421,115,22,45,-1,-1,-1,-1
302,45,80,182,35,94,-1,-1,-1,-1
302,48,55,182,26,78,-1,-1,-1,-1
302,50,429,87,22,34,-1,-1,-1,-1
302,51,328,263,49,56,-1,-1,-1,-1
303,2,295,24,15,38,-1,-1,-1,-1
303,3,372,43,18,43,-1,-1,-1,-1
303,6,405,200,28,81,-1,-1,-1,-1
303,15,32,99,19,48,-1,-1,-1,-1
303,16,177,42,15,36,-1,-1,-1,-1
303,20,444,134,21,68,-1,-1,-1,-1
303,26,158,50,15,32,-1,-1,-1,-1
303,33,362,127,29,79,-1,-1,-1,-1
303,36,99,93,18,52,-1,-1,-1,-1
303,37,151,143,23,57,-1,-1,-1,-1
303,40,420,117,21,43,-1,-1,-1,-1
303,45,81,182,34,91,-1,-1,-1,-1
303,48,57,182,25,77,-1,-1,-1,-1
303,50,429,88,22,34,-1,-1,-1,-1
303,51,330,261,50,58,-1,-1,-1,-1
304,2,294,23,15,40,-1,-1,-1,-1
304,3,373,43,18,42,-1,-1,-1,-1
304,6,406,199,27,80,-1,-1,-1,-1
304,15,32,106,17,42,-1,-1,-1,-1
304,16,178,42,15,35,-1,-1,-1,-1
304,20,445,136,20,67,-1,-1,-1,-1
304,26,158,51,14,32,-1,-1,-1,-1
304,33,363,127,29,78,-1,-1,-1,-1
304,36,100,92,18,52,-1,-1,-1,-1
304,37,151,142,23,57,-1,-1,-1,-1
304,40,420,118,21,42,-1,-1,-1,-1
304,45,84,186,31,84,-1,-1,-1,-1
304,48,59,181,25,78,-1,-1,-1,-1
304,51,333,260,51,59,-1,-1,-1,-1
305,2,293,23,16,41,-1,-1,-1,-1
305,3,373,42,18,43,-1,-1,-1,-1
305,6,406,198,27,80,-1,-1,-1,-1
305,15,29,100,18,47,-1,-1,-1,-1
305,16,178,41,15,36,-1,-1,-1,-1
305,20,445,135,21,66,-1,-1,-1,-1
305,26,159,51,14,32,-1,-1,-1,-1
305,33,364,127,29,78,-1,-1,-1,-1
305,36,100,91,18,52,-1,-1,-1,-1
305,37,153,144,22,55,-1,-1,-1,-1
305,45,84,182,31,83,-1,-1,-1,-1
305,48,61,180,26,78,-1,-1,-1,-1
305,50,429,88,21,32,-1,-1,-1,-1
305,51,336,257,51,62,-1,-1,-1,-1
306,3,374,42,18,42,-1,-1,-1,-1
306,6,406,196,28,81,-1,-1,-1,-1
306,15,26,98,20,50,-1,-1,-1,-1
306,16,179,40,15,36,-1,-1,-1,-1
306,20,446,136,20,63,-1,-1,-1,-1
306,26,159,51,15,31,-1,-1,-1,-1
306,33,364,127,29,78,-1,-1,-1,-1
306,36,99,90,19,53,-1,-1,-1,-1
306,37,154,143,21,55,-1,-1,-1,-1
306,45,85,179,31,85,-1,-1,-1,-1
306,48,62,180,26,77,-1,-1,-1,-1
306,50,427,88,21,33,-1,-1,-1,-1
306,51,338,256,51,63,-1,-1,-1,-1
307,2,294,24,15,39,-1,-1,-1,-1
307,3,373,42,19,42,-1,-1,-1,-1
307,6,407,196,28,80,-1,-1,-1,-1
307,15,26,101,19,47,-1,-1,-1,-1
307,16,180,40,15,36,-1,-1,-1,-1
307,20,446,136,19,62,-1,-1,-1,-1
307,26,160,50,15,33,-1,-1,-1,-1
307,33,364,126,29,78,-1,-1,-1,-1
307,36,99,89,20,54,-1,-1,-1,-1
307,37,154,142,22,56,-1,-1,-1,-1
307,40,420,120,21,43,-1,-1,-1,-1
307,45,85,177,32,85,-1,-1,-1,-1
307,48,64,180,26,77,-1,-1,-1,-1
307,50,427,89,21,32,-1,-1,-1,-1
307,51,339,254,51,65,-1,-1,-1,-1
308,2,293,26,15,37,-1,-1,-1,-1
308,3,373,41,19,43,-1,-1,-1,-1
308,6,407,195,29,83,-1,-1,-1,-1
308,15,26,101,18,49,-1,-1,-1,-1
308,16,180,38,15,37,-1,-1,-1,-1
308,20,447,136,18,61,-1,-1,-1,-1
308,26,160,51,15,32,-1,-1,-1,-1
308,33,365,127,28,77,-1,-1,-1,-1
308,36,100,89,19,54,-1,-1,-1,-1
308,37,156,140,22,58,-1,-1,-1,-1
308,40,419,119,22,45,-1,-1,-1,-1
308,45,90,184,28,77,-1,-1,-1,-1
308,48,65,179,28,80,-1,-1,-1,-1
308,51,341,253,50,66,-1,-1,-1,-1
309,2,292,26,15,39,-1,-1,-1,-1
309,3,375,40,18,45,-1,-1,-1,-1
309,6,407,195,29,81,-1,-1,-1,-1
309,8,422,89,28,51,-1,-1,-1,-1
309,15,24,98,20,54,-1,-1,-1,-1
309,16,182,37,14,35,-1,-1,-1,-1
309,20,448,139,17,56,-1,-1,-1,-1
309,26,160,51,15,31,-1,-1,-1,-1
309,33,366,126,28,78,-1,-1,-1,-1
309,36,100,89,20,54,-1,-1,-1,-1
309,37,158,140,22,57,-1,-1,-1,-1
309,40,419,121,22,45,-1,-1,-1,-1
309,45,90,179,30,83,-1,-1,-1,-1
309,48,66,178,27,78,-1,-1,-1,-1
309,51,343,252,49,67,-1,-1,-1,-1
310,2,291,26,15,39,-1,-1,-1,-1
310,3,375,40,18,42,-1,-1,-1,-1
310,6,407,194,29,83,-1,-1,-1,-1
310,8,422,90,28,51,-1,-1,-1,-1
310,15,23,97,20,55,-1,-1,-1,-1
310,16,182,37,14,34,-1,-1,-1,-1
310,20,449,139,16,56,-1,-1,-1,-1
310,26,161,50,15,32,-1,-1,-1,-1
310,33,367,127,28,77,-1,-1,-1,-1
310,36,101,89,20,54,-1,-1,-1,-1
310,37,159,137,22,59,-1,-1,-1,-1
310,40,418,123,21,43,-1,-1,-1,-1
310,45,91,175,30,85,-1,-1,-1,-1
310,48,67,177,28,79,-1,-1,-1,-1
310,50,425,89,23,36,-1,-1,-1,-1
310,51,344,252,48,67,-1,-1,-1,-1
311,2,290,26,16,40,-1,-1,-1,-1
311,3,376,41,18,42,-1,-1,-1,-1
311,6,407,194,29,82,-1,-1,-1,-1
311,15,21,98,21,55,-1,-1,-1,-1
311,16,183,37,15,35,-1,-1,-1,-1
311,26,161,50,15,32,-1,-1,-1,-1
311,33,369,126,26,71,-1,-1,-1,-1
311,36,102,89,19,53,-1,-1,-1,-1
311,37,159,137,23,59,-1,-1,-1,-1
311,40,418,124,21,42,-1,-1,-1,-1
311,45,92,175,30,85,-1,-1,-1,-1
311,48,68,176,27,79,-1,-1,-1,-1
311,50,424,90,24,39,-1,-1,-1,-1
311,51,345,251,47,68,-1,-1,-1,-1
312,2,290,26,15,39,-1,-1,-1,-1
312,3,375,40,19,44,-1,-1,-1,-1
312,6,408,192,29,83,-1,-1,-1,-1
312,15,21,103,19,50,-1,-1,-1,-1
312,16,184,38,13,33,-1,-1,-1,-1
312,26,162,49,16,33,-1,-1,-1,-1
312,33,368,123,26,72,-1,-1,-1,-1
312,36,102,89,19,53,-1,-1,-1,-1
312,37,161,136,23,60,-1,-1,-1,-1
312,40,417,124,21,42,-1,-1,-1,-1
312,45,95,175,29,85,-1,-1,-1,-1
312,48,68,175,27,78,-1,-1,-1,-1
312,50,425,90,22,36,-1,-1,-1,-1
312,51,345,249,47,70,-1,-1,-1,-1
313,2,289,26,15,37,-1,-1,-1,-1
313,3,375,40,19,44,-1,-1,-1,-1
313,6,408,191,28,82,-1,-1,-1,-1
313,15,20,103,19,51,-1,-1,-1,-1
313,16,185,38,13,32,-1,-1,-1,-1
313,26,162,48,17,34,-1,-1,-1,-1
313,33,370,125,25,68,-1,-1,-1,-1
313,36,103,88,19,52,-1,-1,-1,-1
313,37,162,136,22,59,-1,-1,-1,-1
313,40,417,124,21,43,-1,-1,-1,-1
313,45,96,174,29,86,-1,-1,-1,-1
313,48,70,173,27,76,-1,-1,-1,-1
313,50,425,90,22,36,-1,-1,-1,-1
313,51,345,247,48,72,-1,-1,-1,-1
314,2,289,26,14,37,-1,-1,-1,-1
314,3,376,40,18,43,-1,-1,-1,-1
314,6,409,190,28,81,-1,-1,-1,-1
314,15,18,104,19,50,-1,-1,-1,-1
314,16,185,39,13,32,-1,-1,-1,-1
314,26,163,48,16,34,-1,-1,-1,-1
314,33,372,129,23,63,-1,-1,-1,-1
314,36,104,87,18,52,-1,-1,-1,-1
314,37,163,136,22,58,-1,-1,-1,-1
314,40,417,124,21,43,-1,-1,-1,-1
314,45,96,173,30,87,-1,-1,-1,-1
314,48,73,172,25,75,-1,-1,-1,-1
314,50,425,91,22,36,-1,-1,-1,-1
314,51,346,245,48,74,-1,-1,-1,-1
315,2,288,26,15,37,-1,-1,-1,-1
315,3,375,40,18,41,-1,-1,-1,-1
315,6,410,188,28,81,-1,-1,-1,-1
315,15,16,104,20,51,-1,-1,-1,-1
315,16,186,39,13,31,-1,-1,-1,-1
315,26,165,49,15,32,-1,-1,-1,-1
315,33,373,129,22,61,-1,-1,-1,-1
315,36,104,86,19,51,-1,-1,-1,-1
315,37,165,134,23,59,-1,-1,-1,-1
315,40,417,124,21,43,-1,-1,-1,-1
315,45,97,172,29,87,-1,-1,-1,-1
315,48,74,170,26,77,-1,-1,-1,-1
315,50,424,93,23,37,-1,-1,-1,-1
315,51,346,243,49,76,-1,-1,-1,-1
316,3,376,40,17,41,-1,-1,-1,-1
316,6,411,186,27,80,-1,-1,-1,-1
316,15,14,104,19,50,-1,-1,-1,-1
316,16,187,38,13,29,-1,-1,-1,-1
316,26,166,49,15,32,-1,-1,-1,-1
316,36,104,85,19,51,-1,-1,-1,-1
316,37,167,133,22,59,-1,-1,-1,-1
316,40,416,124,21,44,-1,-1,-1,-1
316,45,97,172,29,86,-1,-1,-1,-1
316,48,75,169,26,76,-1,-1,-1,-1
316,50,424,94,21,35,-1,-1,-1,-1
316,51,347,241,50,78,-1,-1,-1,-1
317,2,287,25,16,40,-1,-1,-1,-1
317,3,376,39,18,41,-1,-1,-1,-1
317,6,411,185,27,79,-1,-1,-1,-1
317,15,16,117,14,37,-1,-1,-1,-1
317,16,187,37,13,30,-1,-1,-1,-1
317,26,166,47,16,33,-1,-1,-1,-1
317,33,374,127,22,58,-1,-1,-1,-1
317,36,105,84,19,52,-1,-1,-1,-1
317,37,168,133,23,59,-1,-1,-1,-1
317,40,416,125,21,44,-1,-1,-1,-1
317,45,98,171,29,87,-1,-1,-1,-1
317,48,76,168,26,74,-1,-1,-1,-1
317,50,424,96,22,36,-1,-1,-1,-1
317,51,347,241,50,78,-1,-1,-1,-1
318,2,287,26,15,38,-1,-1,-1,-1
318,3,377,38,18,40,-1,-1,-1,-1
318,6,412,184,27,78,-1,-1,-1,-1
318,15,12,108,17,45,-1,-1,-1,-1
318,16,188,37,12,29,-1,-1,-1,-1
318,26,167,47,15,33,-1,-1,-1,-1
318,33,373,125,23,59,-1,-1,-1,-1
318,36,105,84,20,51,-1,-1,-1,-1
318,37,170,133,22,57,-1,-1,-1,-1
318,40,414,125,23,45,-1,-1,-1,-1
318,45,99,169,29,86,-1,-1,-1,-1
318,48,79,168,24,71,-1,-1,-1,-1
318,50,424,97,20,32,-1,-1,-1,-1
318,51,348,241,49,78,-1,-1,-1,-1
319,2,287,26,15,39,-1,-1,-1,-1
319,3,378,38,17,41,-1,-1,-1,-1
319,6,412,184,27,78,-1,-1,-1,-1
319,15,11,106,18,49,-1,-1,-1,-1
319,16,189,37,12,28,-1,-1,-1,-1
319,26,167,48,14,32,-1,-1,-1,-1
319,33,374,124,22,57,-1,-1,-1,-1
319,36,106,83,20,54,-1,-1,-1,-1
319,37,172,133,22,57,-1,-1,-1,-1
319,40,413,124,24,48,-1,-1,-1,-1
319,45,101,168,29,86,-1,-1,-1,-1
319,48,80,168,25,73,-1,-1,-1,-1
319,50,424,97,20,31,-1,-1,-1,-1
319,51,349,240,49,79,-1,-1,-1,-1
320,2,286,26,15,39,-1,-1,-1,-1
320,3,378,39,17,38,-1,-1,-1,-1
320,6,412,182,28,79,-1,-1,-1,-1
320,15,9,104,19,53,-1,-1,-1,-1
320,16,190,36,12,28,-1,-1,-1,-1
320,26,168,48,15,33,-1,-1,-1,-1
320,33,375,125,22,57,-1,-1,-1,-1
320,36,107,84,19,52,-1,-1,-1,-1
320,37,174,133,21,53,-1,-1,-1,-1
320,40,413,124,24,49,-1,-1,-1,-1
320,45,102,168,29,85,-1,-1,-1,-1
320,48,82,168,24,72,-1,-1,-1,-1
320,50,423,97,20,31,-1,-1,-1,-1
320,51,350,239,49,80,-1,-1,-1,-1
321,3,378,38,17,39,-1,-1,-1,-1
321,6,413,181,28,80,-1,-1,-1,-1
321,15,7,105,20,54,-1,-1,-1,-1
321,16,191,35,13,32,-1,-1,-1,-1
321,26,169,47,15,34,-1,-1,-1,-1
321,33,376,123,22,57,-1,-1,-1,-1
321,36,108,83,19,53,-1,-1,-1,-1
321,37,175,131,22,55,-1,-1,-1,-1
321,45,103,165,29,84,-1,-1,-1,-1
321,48,83,167,26,76,-1,-1,-1,-1
321,50,423,97,20,31,-1,-1,-1,-1
321,51,349,237,50,82,-1,-1,-1,-1
322,2,284,27,15,41,-1,-1,-1,-1
322,3,378,38,17,39,-1,-1,-1,-1
322,6,414,181,27,81,-1,-1,-1,-1
322,15,6,106,19,53,-1,-1,-1,-1
322,16,191,35,14,34,-1,-1,-1,-1
322,26,169,46,15,35,-1,-1,-1,-1
322,33,376,120,23,59,-1,-1,-1,-1
322,36,109,82,20,54,-1,-1,-1,-1
322,37,175,130,23,57,-1,-1,-1,-1
322,40,413,125,25,51,-1,-1,-1,-1
322,45,105,166,28,82,-1,-1,-1,-1
322,48,83,167,27,78,-1,-1,-1,-1
322,51,351,235,50,84,-1,-1,-1,-1
323,2,284,28,15,41,-1,-1,-1,-1
323,3,379,38,17,39,-1,-1,-1,-1
323,6,414,181,28,80,-1,-1,-1,-1
323,15,6,106,20,53,-1,-1,-1,-1
323,16,191,34,15,35,-1,-1,-1,-1
323,33,376,120,24,60,-1,-1,-1,-1
323,36,109,82,20,53,-1,-1,-1,-1
323,37,176,130,23,55,-1,-1,-1,-1
323,40,412,127,25,49,-1,-1,-1,-1
323,45,107,164,27,81,-1,-1,-1,-1
323,48,83,166,27,79,-1,-1,-1,-1
323,51,353,232,50,86,-1,-1,-1,-1
324,2,283,28,16,40,-1,-1,-1,-1
324,3,380,38,16,39,-1,-1,-1,-1
324,6,416,181,27,80,-1,-1,-1,-1
324,15,5,109,19,51,-1,-1,-1,-1
324,16,192,35,15,35,-1,-1,-1,-1
324,33,377,115,25,65,-1,-1,-1,-1
324,36,109,81,20,54,-1,-1,-1,-1
324,37,177,129,22,55,-1,-1,-1,-1
324,40,412,127,24,49,-1,-1,-1,-1
324,45,110,163,27,82,-1,-1,-1,-1
324,48,85,164,27,80,-1,-1,-1,-1
324,51,356,230,49,85,-1,-1,-1,-1
